0.46392811356375
0.30809787986209
0.03008595273809
0.01093313826061
0.01164301096086
0.00374621902948
0.00856749305935
0.00769429857098
0.08630536034813
0.11814387539962
0.09080362404310
0.01135647519382
0.00101267355716
0.01418977372805
0.00619406175833
0.01081320235800
0.01058038571564
0.03088423765127
0.75204933741738
0.16332279282610
0.02285550904859
0.01198669772789
0.01237448202792
0.01689029168534
0.00668731358365
0.03101048047231
0.18767772125357
0.14448769022160
0.06891196611988
0.00936941279770
0.01323155069159
0.01159282779961
0.00629733872971
0.01542577596068
0.02059251147654
0.03200671095761
0.08777511218277
0.06746264467816
0.00843730477578
0.00075236684749
0.01054230679851
0.00460188447235
0.00803367967081
0.00786070830998
0.02294547572060
0.73097559778904
0.14106831164491
0.02621263983155
0.00911106404955
0.00579854468048
0.00579057999363
0.00194178974379
0.00157349424035
0.03768829032431
0.10734727615234
0.05119821519692
0.00696101475107
0.00983039402066
0.00861290318422
0.00467861420309
0.01146059591218
0.01529922730962
0.02377941840322
0.63229388376166
0.11537103772989
0.01198689203882
0.01105036171158
0.00766554852876
0.01332614369537
0.00427810715973
0.00730678552167
0.03743410360290
0.24885723854261
0.04802604982712
0.00892397117376
0.00310181933079
0.00197408753605
0.00197137599550
0.00066107327650
0.00053568878729
0.01283080294865
0.62543373940826
0.05271907461146
0.00675000946406
0.00539880656164
0.00107364975584
0.00189796581044
0.00417249994680
0.00662689700965
0.04911139372148
0.21526150850486
0.03927753257988
0.00408088157869
0.00376204418965
0.00260970030265
0.00453682356905
0.00145646166189
0.00248756110744
0.01274426626294
0.67261699667505
0.19066535410724
0.00697116991153
0.00354713978877
0.00365161790942
0.00648027271425
0.01021759802664
0.01421797468149
0.04126341269347
0.66286718403901
0.05587441535518
0.00715401086279
0.00572193579782
0.00113790981435
0.00201156281296
0.00442223230994
0.00702352988481
0.05205080763822
0.01242562347093
0.01344505464641
0.00441480353915
0.00835037008776
0.00831456702322
0.00323196923881
0.00189082580903
0.00742276666805
0.00714723787975
0.71287445244735
0.20207705214375
0.00738840819986
0.00375944311127
0.00387017445381
0.00686812983573
0.01082914144985
0.01506894854885
0.04373310944472
0.00327558487914
0.00804181891206
0.01674369574316
0.01653769670021
0.02117857541365
0.03478144280376
0.01467218777061
0.00914740507999
0.00214424649822
0.03675701393356
0.03977265705272
0.01305970646721
0.02470175201947
0.02459584073498
0.00956069034458
0.00559337008488
0.02195775032788
0.02114269138664
0.69502492639830
0.16549635948412
0.00793317476751
0.01017062625835
0.00541147822177
0.00375743746278
0.00156234380054
0.00081744541724
0.19145285871640
0.00968971249812
0.02378900748869
0.04953057359016
0.04892119493728
0.06264966851713
0.10288916131715
0.04340271629682
0.02705951107947
0.00634302967545
0.58626432880351
0.22701036329083
0.01493976207093
0.00079208229174
0.00875420979130
0.01823824986688
0.01668153849237
0.03717761537448
0.16464159664228
0.38945798558779
0.09273606792897
0.00444536324802
0.00569912166355
0.00303232780186
0.00210548423466
0.00087546107520
0.00045805644292
0.10728082095862
0.62487773318938
0.15508279242812
0.01277868304384
0.00405494890805
0.00796046008533
0.00266452400914
0.00384516359416
0.01785852048176
0.08446516137547
0.32851386453289
0.12720550794193
0.00837151218656
0.00044384418751
0.00490543113094
0.01021982346822
0.00934751852917
0.02083251786052
0.09225710062593
0.46088157492152
0.20053659243336
0.01207751743273
0.01181225285639
0.00846985555874
0.01720585430074
0.00293284597904
0.01196690000204
0.13834550407145
0.74340374922057
0.18449869983721
0.01520252743909
0.00482408647489
0.00947039005975
0.00316992754434
0.00457450934869
0.02124590200055
0.10048640607589
0.02261472978830
0.06826422828567
0.02234754289884
0.00775286598943
0.01207648113714
0.01919270416937
0.02538957430723
0.01250266644770
0.04812251507806
0.54830100761408
0.23857411898801
0.01436836562401
0.01405278599921
0.01007640702060
0.02046943892596
0.00348914448524
0.01423676641934
0.16458670384940
0.02660371747740
0.05318536389420
0.02290474797074
0.01868280145374
0.02205520414657
0.02154699020139
0.03215672018477
0.02453294460838
0.01577376576216
0.05367295018748
0.16201575515880
0.05303881886056
0.01840036091327
0.02866186669403
0.04555124312732
0.06025866193538
0.02967335890103
0.11421216962836
0.52695843838087
0.18837682466213
0.03141013196622
0.00785751790884
0.00747078101303
0.02276310913719
0.02605558657632
0.03666576185545
0.11987436395795
0.06314026372779
0.12622814482944
0.05436126844754
0.04434105917586
0.05234499304723
0.05113881716011
0.07631955176237
0.05822556918630
0.03743686313950
0.70219924881451
0.21079232318584
0.05078254062361
0.01141645031850
0.02102518238700
0.01389600076365
0.00734510724300
0.05119163391073
0.17813005781621
0.36923182048891
0.13199279647486
0.02200860516309
0.00550564414704
0.00523466344403
0.01594976684032
0.01825675606418
0.02569114566435
0.08399415667418
0.32289718640313
0.14321704395775
0.04066769277054
0.01385698142031
0.00060791347964
0.00025679223851
0.01438986249773
0.04566538716752
0.20022590747914
0.49202041015297
0.14769899780737
0.03558255937815
0.00799933434517
0.01473202780985
0.00973671789988
0.00514660573109
0.03586920486697
0.12481304167623
0.54912291901340
0.22560424662374
0.09612411137265
0.03697879892683
0.00423150287902
0.01565688249997
0.01833512103541
0.03756853069268
0.14461854982356
0.22720942822696
0.10077592509391
0.02861617756609
0.00975058612474
0.00042776363479
0.00018069410370
0.01012555255372
0.03213284892220
0.14089071032587
0.43779016554885
0.12486487555088
0.02028761130386
0.01714637676253
0.01436517127464
0.00248043118119
0.01010776205420
0.01420070857636
0.05678749970972
0.38639514281673
0.15874840054183
0.06763857135793
0.02602045516184
0.00297753399586
0.01101710225556
0.01290166821623
0.02643542507476
0.10176210694943
0.67988641423136
0.10090512473677
0.01323489933207
0.01113323091511
0.00124629121348
0.00000000000000
0.01052616384322
0.01070991852393
0.20140397852058
0.35052390508795
0.09997511874563
0.01624361006424
0.01372852890238
0.01150171093070
0.00198599807020
0.00809294613207
0.01137003116313
0.04546784675594
0.44989388974381
0.09620971886922
0.01741477626330
0.00339812348124
0.00546252572788
0.00543745337258
0.00375203046207
0.01041193352259
0.04397165646136
0.54436225316721
0.08079134971380
0.01059674008781
0.00891400466184
0.00099786358261
0.00000000000000
0.00842794641423
0.00857507262520
0.16125741189909
0.55289337735483
0.10579155456029
0.02590989979923
0.03214560584543
0.01377852562396
0.01008172418796
0.01104745745033
0.02431742583493
0.03748367188380
0.66890990923824
0.14526737687319
0.02032882115924
0.01066156233414
0.01100647688700
0.01502306154148
0.00594802774197
0.02758225643732
0.16692985585345
0.12851450422665
0.06129371400150
0.00833361955434
0.01176879618376
0.01031123492227
0.00560116480203
0.01372044875835
0.01831599909398
0.02846835314714
0.62289077363024
0.15700911980195
0.02033535410601
0.00681126932299
0.00839082995148
0.00923623812041
0.03197938541763
0.04795664372011
0.11531941789811
0.20132704299551
0.05448970188840
0.01728291622526
0.01076244801092
0.00629021614616
0.00943531294445
0.03118752724822
0.01356201310778
0.06989836815594
0.12617627515281
0.06017851891139
0.00818199533379
0.01155467139242
0.01012362941091
0.00549925563258
0.01347081505057
0.01798275264949
0.02795039191456
0.74319992005886
0.13560742594544
0.01408942492374
0.01298862467530
0.00901010621816
0.01566358489848
0.00502849858391
0.00858841522124
0.04400014537486
0.19766404209056
0.05349830091039
0.01696846598136
0.01056663300159
0.00617577018256
0.00926364420417
0.03062009259646
0.01331526202284
0.06862661756546
0.58680640012352
0.08803655709680
0.01828928068481
0.00904978257444
0.01135008945116
0.02826786283395
0.01823211459321
0.00697497219189
0.05723480216346
0.19766434073210
0.03606667832494
0.00374727824059
0.00345450512596
0.00239636288631
0.00416594794872
0.00133739903710
0.00228420830899
0.01170244976204
0.61763199624691
0.17507886933352
0.00640129168593
0.00325716870007
0.00335310595789
0.00595052428427
0.00938233124830
0.01305568567034
0.03789021698799
0.15606931202119
0.02341454506277
0.00486428821028
0.00240691536431
0.00301871392617
0.00751823072120
0.00484908409427
0.00185509072690
0.01522239054557
0.70941673537665
0.08289421811295
0.00088570777677
0.00000000000000
0.00000000000000
0.00000000000000
0.00337445074255
0.00747408670452
0.10024704556650
0.63819205140921
0.18090698580599
0.00661438121331
0.00336559502603
0.00346472589319
0.00614860843191
0.00969465517127
0.01349029012606
0.03915152624030
0.00293242691810
0.00719933908548
0.01498958687300
0.01480516877335
0.01895985813878
0.03113765720976
0.01313509493830
0.00818910145121
0.00191961020167
0.73303216867841
0.08565364396426
0.00091519167796
0.00000000000000
0.00000000000000
0.00000000000000
0.00348678121414
0.00772288799050
0.10358412136444
0.00754250436911
0.00987052848515
0.00421119727489
0.01178211927074
0.00916521911090
0.00838702950152
0.00368491608525
0.00382009685546
0.00498473161298
0.01036535331834
0.02544775892583
0.05298422377563
0.05233235458518
0.06701808227878
0.11006338009373
0.04642908543255
0.02894630702558
0.00678531418837
0.62714315901167
0.24283926100902
0.01598147647694
0.00084731232352
0.00936462021213
0.01950996005454
0.01784470286403
0.03976992289136
0.17612166722422
0.02666075741164
0.03488970673253
0.01488546820313
0.04164667440680
0.03239662469946
0.02964593031725
0.01302520343687
0.01350303169454
0.01761970743297
0.65533303124046
0.15682254632304
0.00477765971096
0.00054003010155
0.00000000000000
0.00000000000000
0.00888713139416
0.02947410190954
0.16318911727676
0.34836813175561
0.13489337874297
0.00887745807790
0.00047066862951
0.00520189880257
0.01083747504404
0.00991245094386
0.02209156480246
0.09783280785407
0.48873569900706
0.21265634603879
0.01280744175065
0.01252614548021
0.00898174499099
0.01824571795936
0.00311009727367
0.01269013897646
0.14670663857274
0.36402716108832
0.08711245063377
0.00265391460268
0.00029997820253
0.00000000000000
0.00000000000000
0.00493666129649
0.01637239866187
0.09064898036701
0.57828546328736
0.18247254036675
0.03099379613696
0.02130527083937
0.01586691110866
0.00215066654412
0.00480075974005
0.00769832281844
0.15957530769269
0.57829876320492
0.25162659930870
0.01515446434395
0.01482161923848
0.01062769106137
0.02158932967476
0.00368003690024
0.01501566529701
0.17359130469276
0.02805921692681
0.05609515527695
0.02415787539884
0.01970494459041
0.02326185271060
0.02272583418818
0.03391602651343
0.02587515129060
0.01663675445543
0.68425893356653
0.21591147245297
0.03667355179792
0.02520955968878
0.01877459553019
0.00254478607774
0.00568052103776
0.00910907587414
0.18881821660298
0.05196016541132
0.03188376341039
0.01725610105529
0.01151529278389
0.00675514713188
0.01378566541812
0.03712320616108
0.02522185012016
0.05883363491902
0.06080372632449
0.12155700846841
0.05234960220606
0.04270019584794
0.05040794009703
0.04924639935884
0.07349530813765
0.05607090254095
0.03605149307888
0.67621401035396
0.20299184662184
0.04890330701582
0.01099397879863
0.02024713487566
0.01338177222510
0.00707329783342
0.04929726159888
0.17153826490678
0.11259657337146
0.06909143721497
0.03739360398869
0.02495339455852
0.01463826016812
0.02987324377123
0.08044519822467
0.05465521279883
0.12749123561153
0.59137886541876
0.13414665968246
0.02416494739936
0.01572727130818
0.00305492129798
0.00145036156661
0.00238042447751
0.02994015101392
0.11363323640959
0.44397912079363
0.13327754262924
0.03210824815862
0.00721827256800
0.01329358014333
0.00878601652168
0.00464408679073
0.03236690533926
0.11262619062848
0.49550609234972
0.20357605700173
0.08673847176589
0.03336815769581
0.00381833535580
0.01412813123859
0.01654486429621
0.03390030755281
0.13049787219427
0.38827924991841
0.08807613434694
0.01586588259947
0.01032599144794
0.00200575742473
0.00095225807705
0.00156290575241
0.01965768487498
0.07460771829862
0.45998255892974
0.14705005682707
0.08050489727693
0.04332225407354
0.05815322124946
0.06831547024858
0.03642870243221
0.04501201436489
0.19481118051283
0.35707704524368
0.14670321523561
0.06250643066818
0.02404612847189
0.00275161078269
0.01018116918314
0.01192274191591
0.02442961214948
0.09404081066440
0.62829938835491
0.09324885278912
0.01223068880510
0.01028848647062
0.00115172768679
0.00000000000000
0.00972748118801
0.00989729330821
0.18612226081879
0.33147768623264
0.10596882784171
0.05801432372097
0.03121935878632
0.04190701332589
0.04923024486968
0.02625165185128
0.03243705241577
0.14038697362546
0.40154086267102
0.13543867144253
0.09686315190706
0.04192413809532
0.05231200433032
0.03158557485452
0.01089643370529
0.04319476747205
0.22524298313083
0.54214654279411
0.08046250576737
0.01055360831885
0.00887772210830
0.00099380199186
0.00000000000000
0.00839364225705
0.00854016962218
0.16060104801970
0.55064294286144
0.10536095261561
0.02580443908181
0.03201476401738
0.01372244307604
0.01004068868131
0.01100249113254
0.02421844694292
0.03733110259721
0.34648130258037
0.11686722738256
0.08358120969695
0.03617547135850
0.04513894620934
0.02725453904130
0.00940230719876
0.03727187115856
0.19435750990105
0.32864012641966
0.17409505767094
0.02598670937989
0.00865602444511
0.01699429870043
0.04853223525209
0.03589851128661
0.00781999279591
0.16731329151206
0.64106382748028
0.16158991519964
0.02092864509838
0.00700999046229
0.00863563531867
0.00950570856345
0.03291239505252
0.04935579539435
0.11868390181750
0.20720082913702
0.05607945779524
0.01778715128627
0.01107644615561
0.00647373537874
0.00971059146436
0.03209743414703
0.01395768953285
0.07193767723275
0.61935499460690
0.18475236619206
0.02424672325343
0.00995909801692
0.00584467450991
0.01399211384296
0.01701009908978
0.02703368890091
0.08343769141199
0.22852769261814
0.09725308009099
0.02522447069388
0.00189824709196
0.00100466644149
0.00000000000000
0.00219821505168
0.01175166888870
0.05016242752446
0.22014128133476
0.05958182574375
0.01889802416218
0.01176821086810
0.00687804391147
0.01031705353876
0.03410203670572
0.01482939846830
0.07643044918412
0.65353471199099
0.09804757748863
0.02036903445898
0.01007887277154
0.01264075756327
0.03148232465068
0.02030536776209
0.00776812666258
0.06374322083038
0.24280008570894
0.10332689185729
0.02679983146143
0.00201679958934
0.00106741154784
0.00000000000000
0.00233550164901
0.01248560373892
0.05329525521731
0.63253209608188
0.14726069631188
0.00747335556437
0.00347342483361
0.00470435809903
0.00880032303389
0.00992223131499
0.00950721836920
0.04119925974545
0.13571477384072
0.02036082332025
0.00422988841179
0.00209300579397
0.00262501367165
0.00653770410592
0.00421666721449
0.00161315004977
0.01323708846699
0.61689470244727
0.07208316560257
0.00077019389050
0.00000000000000
0.00000000000000
0.00000000000000
0.00293435534142
0.00649931734582
0.08717283968940
0.13135331420304
0.03058055177315
0.00155193709170
0.00072130073139
0.00097691963986
0.00182749872097
0.00206047720833
0.00197429450518
0.00855554894969
0.74930500252628
0.06415220692631
0.00088780451397
0.00000000000000
0.00036365876201
0.00188448956526
0.00240034113373
0.00310543591163
0.06019158631286
0.62855283170538
0.07344539947910
0.00078474908103
0.00000000000000
0.00000000000000
0.00000000000000
0.00298980904158
0.00662214200521
0.08882023952744
0.00646746852584
0.00846367853263
0.00361097382230
0.01010280960038
0.00785889715555
0.00719162318931
0.00315970367871
0.00327561708542
0.00427425603473
0.76346543304797
0.06536456086220
0.00090458232019
0.00000000000000
0.00037053121664
0.00192010281149
0.00244570298736
0.00316412270715
0.06132909209902
0.00260098183447
0.00227464060034
0.00368922597279
0.00232649173722
0.00541872355818
0.00665236464256
0.00668368484492
0.01050371745581
0.00318930760225
0.03199584879817
0.04187149539642
0.01786420327689
0.04998060170205
0.03887952204247
0.03557838546242
0.01563168042441
0.01620512702414
0.02114559185956
0.78647190161441
0.18820434854204
0.00573371848972
0.00064809567143
0.00000000000000
0.00000000000000
0.01066553766446
0.03537217242552
0.19584493573366
0.01286757270946
0.01125309793590
0.01825133217673
0.01150961578815
0.02680749955779
0.03291056653823
0.03306551378769
0.05196397233197
0.01577813690239
0.33269118611252
0.17101411129602
0.01472314885435
0.00244471762885
0.02639575538862
0.03873384900449
0.14753589695147
0.28053608613730
0.21804463727723
0.32822288833394
0.07854441429970
0.00239288605190
0.00027047353219
0.00000000000000
0.00000000000000
0.00445111080342
0.01476207424107
0.08173310494644
0.52140759078045
0.16452526251543
0.02794536885130
0.01920976860828
0.01430630444567
0.00193913548331
0.00432857598692
0.00694114621349
0.14388011114633
0.13884394573403
0.07137031270948
0.00614449725721
0.00102026821258
0.01101589396344
0.01616502226011
0.06157201310173
0.11707775482490
0.09099783537842
0.64078694984240
0.15840077077726
0.06755527833924
0.12527277373810
0.09408972858294
0.08420505497584
0.12826481953029
0.11047614229738
0.08359306919575
0.56962700667021
0.17974044579600
0.03052973736964
0.02098627481580
0.01562934165516
0.00211846540099
0.00472887972131
0.00758305864810
0.15718604500749
0.04325542866509
0.02654236842503
0.01436523618287
0.00958616897441
0.00562347680328
0.01147619262514
0.03090406243338
0.02099650626663
0.04897740563761
0.70004648686781
0.17304956526822
0.07380274408271
0.13685791381536
0.10279108206095
0.09199228062751
0.14012666194746
0.12069290006142
0.09132369882279
0.02868131249014
0.03007049539239
0.02233144487725
0.01428753329812
0.00818602164701
0.00514409343807
0.01226845371010
0.02183175906560
0.03269158492642
0.11675663064385
0.07164412889324
0.03877516942675
0.02587533691783
0.01517909368413
0.03097695768791
0.08341737243817
0.05667453548930
0.13220159957725
0.61322828655262
0.13910291874496
0.02505775933987
0.01630834005141
0.00316779016407
0.00150394745295
0.00246837299906
0.03104633692377
0.11783159482634
0.07741764472433
0.08116737787968
0.06027785047431
0.03856543096627
0.02209600818622
0.01388512462092
0.03311545770340
0.05892908030721
0.08824231834504
0.67541278548929
0.11366654919729
0.04428369903802
0.00808360190659
0.01864917515085
0.03139866397009
0.02765809530078
0.05247796980936
0.17984568226324
0.35920354201916
0.08148068543819
0.01467778983345
0.00955274510224
0.00185555929539
0.00088094966256
0.00144586990478
0.01818564869607
0.06902083147751
0.42553745653243
0.13603843439354
0.07447640907372
0.04007813220701
0.05379850470253
0.06319976896306
0.03370079381672
0.04164135733929
0.18022303813517
0.39562862671691
0.06658112154332
0.02593954306575
0.00473503669155
0.01092390862721
0.01839202717822
0.01620095813485
0.03073940496037
0.10534609622947
0.62332333621104
0.07691215492550
0.02690135994217
0.04842229469399
0.03641318350752
0.03930299686972
0.03861491648487
0.05917288933973
0.17364848389450
0.33310797167158
0.10649000752947
0.05829965184754
0.03137290295583
0.04211312190107
0.04947237082476
0.02638076366646
0.03259658548973
0.14107742987161
0.40351573533588
0.13610479077150
0.09733954773303
0.04213033089415
0.05256928710525
0.03174092016102
0.01095002493614
0.04340720952584
0.22635078124477
0.48793348043381
0.06020633796351
0.02105821075908
0.03790465944088
0.02850400479228
0.03076613202177
0.03022750714204
0.04632015547238
0.13593091128873
0.41556804252284
0.30325412581453
0.05669338543149
0.02207641926314
0.05650048169862
0.13664474005521
0.08293520764909
0.16689970437433
0.07736587118688
0.35702692181003
0.12042423686972
0.08612511496876
0.03727651993907
0.04651281006753
0.02808406718284
0.00968847892249
0.03840629012515
0.20027303919102
0.33864272572588
0.17939387228025
0.02677764943961
0.00891948206074
0.01751154278210
0.05000937837502
0.03699113021906
0.00805800467647
0.17240569404925
0.36769068968537
0.26831639409460
0.05016177342067
0.01953300782074
0.04999109401484
0.12090197891003
0.07338029054055
0.14767128636054
0.06845259409776
0.54422598633210
0.19668803259804
0.10278874564863
0.02692513180126
0.09890735522780
0.02865797700538
0.06767870736669
0.03121160465170
0.03964198154037
0.57506184738079
0.17153980824489
0.02251271982702
0.00924687352766
0.00542669285026
0.01299146839108
0.01579362254583
0.02510037573967
0.07747064830731
0.21218454398364
0.09029803002734
0.02342054369906
0.00176249402846
0.00093281776182
0.00000000000000
0.00204100979175
0.01091124876652
0.04657506356210
0.68176701771916
0.23271905132562
0.01805325751309
0.00508128304393
0.01691998376973
0.01378209022892
0.01586130007863
0.00533893625381
0.15994068773103
0.14138576073312
0.07909232434183
0.01309764370524
0.01793168305848
0.00997784747515
0.01087733770833
0.00890973129577
0.01979178650365
0.05571511172810
0.28467362728959
0.12114674925129
0.03142175675350
0.00236461883009
0.00125149839320
0.00000000000000
0.00273828456042
0.01463888323960
0.06248660734916
0.74161920348156
0.17265742083200
0.00876221781521
0.00407245509661
0.00551567632363
0.01031803539963
0.01163342908631
0.01114684259972
0.04830452460154
0.18968769637669
0.10611281311277
0.01757222120195
0.02405772429899
0.01338660196434
0.01459338707028
0.01195358285068
0.02655329907049
0.07474919074080
0.49585088602857
0.08641955680834
0.02798388668965
0.01375213258035
0.00858327129801
0.01057281665917
0.01101726821242
0.02105240293587
0.08071902541957
0.11793331058678
0.02745622165729
0.00139337998555
0.00064760743722
0.00087711047114
0.00164078824782
0.00184996396963
0.00177258631411
0.00768145225452
0.67275058968485
0.05759795396234
0.00079709999037
0.00000000000000
0.00032650475542
0.00169195649570
0.00215510494087
0.00278816214189
0.05404197896653
0.07885089311632
0.01374255734750
0.00445003633253
0.00218688312710
0.00136492366310
0.00168130391580
0.00175198121598
0.00334778220733
0.01283605096845
0.71536537914256
0.07537273019917
0.00194859241009
0.00054823156289
0.00000000000000
0.00039803000788
0.00029030245479
0.00005278976212
0.04869707463049
0.67938794412198
0.05816621512950
0.00080496417546
0.00000000000000
0.00032972604994
0.00170864933124
0.00217636719698
0.00281567013765
0.05457515689961
0.00231454578652
0.00202414324760
0.00328294581596
0.00207028421976
0.00482198053585
0.00591976550924
0.00594763653912
0.00934698376513
0.00283808151787
0.72242317091000
0.07611635723257
0.00196781721447
0.00055364041314
0.00000000000000
0.00040195697024
0.00029316657757
0.00005331058569
0.04917751976027
0.01113890534214
0.01224712017687
0.00315009297133
0.00394793997378
0.00664681604415
0.01699376829946
0.03013146887632
0.01193484508166
0.00675498491841
0.00553722444892
0.00484247732060
0.00785398497729
0.00495286309072
0.01153590854447
0.01416220430829
0.01422888181751
0.02236134075604
0.00678970986890
0.14316497845211
0.07359146433901
0.00633572326670
0.00105202049608
0.01135872517573
0.01666810210061
0.06348822688926
0.12072139089763
0.09382982507639
0.02664826047243
0.02929950820893
0.00753615327844
0.00944488973731
0.01590157020068
0.04065519457635
0.07208529082257
0.02855243407367
0.01616034898081
0.65963705733382
0.41961483578133
0.10073794178170
0.07290648324602
0.03065302027893
0.06152632839037
0.15022859008762
0.45832545055281
0.26664378821045
0.09510939281253
0.04888932730018
0.00420903770908
0.00069889320482
0.00754598971249
0.01107319043572
0.04217740103389
0.08019934981235
0.06233436268568
0.43894501412724
0.10850599966758
0.04627599331147
0.08581301390696
0.06445233825724
0.05768124499889
0.08786259307340
0.07567718389610
0.05726202905364
0.43821946315351
0.27876449029498
0.06692366093742
0.04843427092713
0.02036385000103
0.04087404474517
0.09980199166583
0.30448127596507
0.17714059030445
0.34296529081707
0.39184225402835
0.18688577321805
0.06064630334032
0.04037592969079
0.06716011446283
0.06869055238674
0.05540783641243
0.04133045156289
0.55234731535708
0.13653873648774
0.05823148651522
0.10798297355867
0.08110372565835
0.07258330723938
0.11056206550358
0.09522853207915
0.07205578603635
0.02262999136776
0.02372607778629
0.01761984933484
0.01127308087153
0.00645889546623
0.00405876788723
0.00967999639663
0.01722558963671
0.02579415725614
0.43157104317526
0.49307546524105
0.23516807753397
0.07631439419118
0.05080712994108
0.08451106113228
0.08643689068129
0.06972255910686
0.05200825440209
0.08898199816634
0.08994863495028
0.21943691689107
0.19922100127092
0.00349914708598
0.00410415556064
0.00081418835139
0.01063895924186
0.03166000083095
0.04931456019544
0.05170311699106
0.03839661741522
0.02456594066665
0.01407502036078
0.00884473838462
0.02109434145316
0.03753745917252
0.05620981024814
0.43023376111981
0.07240488783349
0.02820844201169
0.00514920434790
0.01187940906555
0.02000075447817
0.01761803540341
0.03342814174099
0.11456058570940
0.19390675115928
0.19601321541259
0.47818997679975
0.43413609398757
0.00762523046518
0.00894364576448
0.00177425345915
0.02318408290236
0.06899247071698
0.43897824446492
0.04967638125682
0.00248430814399
0.01253208105858
0.00654257558919
0.01142239700547
0.01167451015696
0.10247024559766
0.27663354998907
0.38572858252222
0.06491502358858
0.02529044286066
0.00461654912683
0.01065055333670
0.01793179283318
0.01579555217911
0.02997019503198
0.10270995986830
0.60772555546580
0.07498753754078
0.02622819163650
0.04721059557743
0.03550199533344
0.03831949522267
0.03764863307169
0.05769217186878
0.16930317733981
0.39356849995878
0.04453764873578
0.00222732092534
0.01123571021065
0.00586578422273
0.01024081651440
0.01046685002768
0.09187029507450
0.24801741926910
0.37054943104080
0.15879692541822
0.08245320006026
0.03200910053108
0.04395405055417
0.06783930993495
0.07442648805369
0.06009718635878
0.08339067334152
0.50283672667320
0.06204525641412
0.02170140437643
0.03906240428914
0.02937461978236
0.03170584052660
0.03115076410269
0.04773493988570
0.14008273100128
0.42826098759689
0.31251659926912
0.05842500565660
0.02275071263623
0.05822620994881
0.14081836266982
0.08546834765910
0.17199742259067
0.07972890359818
0.30659540527691
0.13138977860140
0.06822240211744
0.02648457217249
0.03636791427628
0.05613075876217
0.06158103981989
0.04972486708701
0.06899807460949
0.20250208949730
0.25290101303786
0.28290166778894
0.20109006179327
0.03434249314063
0.02449889240342
0.03771591292695
0.05528685624416
0.03584271431478
0.36325615955264
0.26508036672677
0.04955679782030
0.01929743016214
0.04938817689184
0.11944384172129
0.07249528823106
0.14589029818903
0.06762702222524
0.53766235390107
0.19431587841581
0.10154906294066
0.02660040150036
0.09771448399279
0.02831234774106
0.06686246894788
0.03083517738497
0.03916387979182
0.17176472632948
0.21451370403501
0.23996062295727
0.17056702731929
0.02912971886075
0.02078025742596
0.03199109440424
0.04689498145906
0.03040222464107
0.37620467387517
0.02359576203051
0.03408411529676
0.11651751856961
0.04228582234928
0.03044190444682
0.03739777003936
0.07073894819802
0.24166729080387
0.63432875265618
0.21652614707084
0.01679708760035
0.00472772054291
0.01574266856663
0.01282311387423
0.01475764950913
0.00496744589629
0.14881179979461
0.13154794954620
0.07358897415172
0.01218629205923
0.01668397245963
0.00928357544236
0.01012047793663
0.00828978022177
0.01841464740799
0.05183837939949
0.65421852960330
0.12291620458136
0.00630601440672
0.00908201906435
0.00370171502322
0.00301850016959
0.00620413920915
0.00871719862341
0.12895047842529
0.16329153713979
0.11527346569736
0.00526778189203
0.00821184568753
0.00725934551897
0.00884087644999
0.00616396838917
0.01696455475408
0.02658198895641
0.24607400291170
0.13765576356111
0.02279571576760
0.03120909069106
0.01736588505039
0.01893139745497
0.01550688862477
0.03444649662365
0.09696903347633
0.64324684575251
0.11210851668236
0.03630233877201
0.01784007279998
0.01113472284561
0.01371567775385
0.01429224637109
0.02731041158859
0.10471345308913
0.30545365643635
0.21563090288757
0.00985392916506
0.01536110404301
0.01357935426993
0.01653777094058
0.01153033840951
0.03173394880234
0.04972435108584
0.51477811382626
0.18287184689471
0.03241697682445
0.03432166159767
0.03414345190446
0.02515027085437
0.02450872707220
0.04801276510006
0.13320281293890
0.07605789446248
0.01325577853428
0.00429241040091
0.00210942095275
0.00131657633559
0.00162174999842
0.00168992381899
0.00322919951500
0.01238138176105
0.69002622999681
0.07270293248778
0.00187957079520
0.00052881250552
0.00000000000000
0.00038393128012
0.00028001957360
0.00005091988178
0.04697216247650
0.06086767422418
0.02162287731859
0.00383300286412
0.00405821393888
0.00403714231742
0.00297378317356
0.00289792665036
0.00567705826301
0.01574998082853
0.70621700503062
0.06962655072427
0.00997982030093
0.00186426160801
0.00060857739211
0.00254155429511
0.00309936196840
0.00033556355261
0.04456424196601
0.67315461868868
0.07092529626966
0.00183361400906
0.00051588267958
0.00000000000000
0.00037454389882
0.00027317290430
0.00004967485599
0.04582366111068
0.01037924291486
0.01141187858400
0.00293525971804
0.00367869433688
0.00619350970437
0.01583480995674
0.02807653223030
0.01112090034423
0.00629430156742
0.68894951824519
0.06792413413563
0.00973580689720
0.00181867914192
0.00059369726037
0.00247941156152
0.00302358045726
0.00032735879519
0.04347461589673
0.05449514419029
0.10416422631342
0.11285283991193
0.04342620885245
0.01895728379336
0.07716847182791
0.12452895213707
0.05908908317360
0.05660535336371
0.01725428636745
0.01897092328354
0.00487952851218
0.00611540225693
0.01029599084783
0.02632353321037
0.04667397528706
0.01848720574105
0.01046354561872
0.42710355137789
0.27169332677797
0.06522606972290
0.04720568313537
0.01984729886842
0.03983723028688
0.09727040594756
0.29675777829885
0.17264722718558
0.09059185060104
0.17316093329724
0.18760474469991
0.07219103065025
0.03151428346006
0.12828362553796
0.20701492573564
0.09822874082731
0.09409982836705
0.18547105515366
0.19661429167721
0.33108994717829
0.10885453608277
0.02080996348914
0.06409598523503
0.05616002776797
0.26236281347203
0.41875631196167
0.37638868214656
0.23943208358737
0.05748103556011
0.04160041471870
0.01749060301923
0.03510690220129
0.08572038276982
0.26152034730289
0.15214685550376
0.29457444200151
0.33655508712857
0.16051703725638
0.05208938468196
0.03467906892450
0.05768412656427
0.05899862663039
0.04759004170602
0.03549891208467
0.16344796431780
0.17326803745091
0.29177586673858
0.09592899719445
0.01833895950509
0.05648513887480
0.04949150802587
0.23120948839788
0.36903260553868
0.14482856221709
0.12057876559149
0.13258592674176
0.13343055924081
0.08325654441315
0.05829575639937
0.06099883206424
0.12694462771870
0.08790870480859
0.34264000398766
0.39147060964376
0.18670852064393
0.06058878310648
0.04033763497553
0.06709641617824
0.06862540255207
0.05535528462391
0.04129125152747
0.07064605628363
0.07141350450969
0.17421897800512
0.15816882469145
0.00277810059422
0.00325843890572
0.00064641385092
0.00844665807566
0.02513603028403
0.16846016510603
0.14025354148981
0.15421990502242
0.15520235577706
0.09684147245054
0.06780784534267
0.07095198048996
0.14765811810491
0.10225272349327
0.44233849714366
0.46973042150998
0.09863229052074
0.04070825310408
0.00072494508137
0.00423965015637
0.00850382555119
0.02064864062385
0.18336990434091
0.09127020380664
0.09226169802003
0.22507981996437
0.20434404445009
0.00358912897292
0.00420969546866
0.00083512551189
0.01091254409100
0.03247414969214
0.20662320212917
0.02338223612422
0.00116934201241
0.00589874042806
0.00307953283666
0.00537642189567
0.00549508934061
0.04823184414107
0.13020898105047
0.57147315660112
0.60686177772291
0.12742663541758
0.05259246945796
0.00093658285835
0.00547735789082
0.01098640082721
0.02667672814604
0.23690223377801
0.09451806830653
0.00454161781582
0.00178758195580
0.00417329191005
0.00058392475981
0.00000000000000
0.00000000000000
0.07267406175360
0.20445264867948
0.48229825462021
0.05457863180718
0.00272946893586
0.01376879355076
0.00718822134622
0.01254960173718
0.01282659435460
0.11258239155450
0.30393278029472
0.45408955203531
0.19459758587459
0.10104221877787
0.03922553080269
0.05386346180648
0.08313363691376
0.09120588992658
0.07364605676384
0.10219104478237
0.22062333225198
0.01060100861447
0.00417255975316
0.00974126517978
0.00136299258546
0.00000000000000
0.00000000000000
0.16963522382162
0.47723176581567
0.11579166534456
0.02092445964664
0.02453892060211
0.03514677182122
0.08823195549239
0.15177268959974
0.09501744334924
0.04529801031715
0.07724607702493
0.44864723046345
0.19226530882772
0.09983121481520
0.03875540778070
0.05321790130237
0.08213726960362
0.09011277562786
0.07276339931971
0.10096627199256
0.29632538535262
0.37007514505430
0.41397570727573
0.29425913677928
0.05025406176859
0.03584972258892
0.05519045487258
0.08090237005532
0.05244936562273
0.11440388737142
0.02067367731173
0.02424481848868
0.03472553324921
0.08717448417962
0.14995367443208
0.09387864709347
0.04475510784867
0.07632027287584
0.08794016356026
0.05268277995663
0.03664381927901
0.03158803647338
0.07424503967040
0.21188923931996
0.26689835224435
0.12297827195612
0.08098891093372
0.24365206623844
0.30429243734441
0.34038945509249
0.24195310368193
0.04132115097807
0.02947725512099
0.04538007552185
0.06652156920039
0.04312622859383
0.53365465702438
0.03347111072256
0.04834907198603
0.16528267915733
0.05998337498137
0.04318251527658
0.05304956458476
0.10034476379581
0.34281040120928
0.07230835971514
0.04331815236262
0.03013019715329
0.02597310502438
0.06104761258345
0.17422486741244
0.21945583542425
0.10111826912462
0.06659272700487
0.02504102569513
0.02190674137063
0.02394498567215
0.05062785894048
0.12052423247239
0.26859292466507
0.12050266007631
0.01570039373921
0.00401990670400
0.58388993414496
0.10970269313815
0.00562811686011
0.00810570057776
0.00330378007245
0.00269401092370
0.00553719326240
0.00778009839195
0.11508828158897
0.14573767105740
0.10288154989360
0.00470149450504
0.00732907097665
0.00647896472693
0.00789048083261
0.00550134081192
0.01514086243348
0.02372442093716
0.73579104358959
0.11675618784088
0.00738427038584
0.00115573885637
0.00554659428774
0.00544190628814
0.00722786675781
0.00469925376650
0.05915049622033
0.15075943365398
0.05103307608392
0.00965685542858
0.00270376868028
0.00303351442705
0.00546878273475
0.00844784525577
0.02740046781153
0.12551848211886
0.29609939963643
0.20902739103853
0.00955216101805
0.01489068337879
0.01316349816757
0.01603131585969
0.01117723166418
0.03076212378038
0.04820158539139
0.49901347467317
0.17727155309798
0.03142423465390
0.03327059008610
0.03309783791222
0.02438006533480
0.02375816828188
0.04654241526152
0.12912359079686
0.30630225850728
0.10368536206467
0.01962010970830
0.00549332425294
0.00616327812927
0.01111108248645
0.01716372911894
0.05567031509345
0.25501949447260
0.50160972527145
0.09782819412910
0.01227809383018
0.00395201223095
0.00375500549982
0.01317647952151
0.07213149336507
0.18221707988323
0.29554617865222
0.05887792290959
0.02091603006152
0.00370770281636
0.00392555178902
0.00390516899438
0.00287657083459
0.00280319404499
0.00549147643676
0.01523511730766
0.68313092145584
0.06735047360124
0.00965358209952
0.00180331929286
0.00058868312670
0.00245847142618
0.00299804448536
0.00032459405150
0.04310744638173
0.05918425099558
0.01154261591050
0.00144867563443
0.00046629256179
0.00044304800484
0.00155467494339
0.00851069704778
0.02149954605775
0.03487109267802
0.71494377914414
0.06501933075040
0.00186154401679
0.00246051445103
0.00061769284836
0.00259052988215
0.00111913178719
0.00264102867621
0.04254915211819
0.64082664046790
0.06317965762672
0.00905576426277
0.00169164505344
0.00055222771878
0.00230622554952
0.00281238444226
0.00030449290027
0.04043792950418
0.05068867783263
0.09688839230977
0.10497010935173
0.04039290367465
0.01763312429137
0.07177828163300
0.11583064930831
0.05496173181877
0.05265148964899
0.67066942180860
0.06099287556981
0.00174626409213
0.00230814205586
0.00057944095403
0.00243010601522
0.00104982725990
0.00247747756806
0.03991420875598
0.23563405616632
0.15155774988850
0.01783967344544
0.00985064534959
0.00401421535267
0.00461056416818
0.00408252448199
0.00226188949787
0.01535723502108
0.09024183323103
0.17249189591629
0.18687990114163
0.07191210804828
0.03139252254513
0.12778797944035
0.20621508756721
0.09784921700374
0.09373625731486
0.18475445547602
0.19585463816728
0.32981072358610
0.10843395765126
0.02072956057606
0.06384833924887
0.05594304373365
0.26134912911354
0.41713837412271
0.41950293653987
0.26982059456093
0.03176024518285
0.01753725551475
0.00714656937009
0.00820825834400
0.00726818116428
0.00402687668294
0.02734072185188
0.16593442660752
0.19701132860164
0.14405630372536
0.09050190228863
0.07667053378200
0.06700346792115
0.08638820692370
0.06122417976626
0.18146569477149
0.19954217217378
0.21153081169013
0.35620872049347
0.11711299406222
0.02238875124769
0.06895874998296
0.06042071589486
0.28226747108577
0.45052606203747
0.17681104820256
0.14720616989379
0.16186487199244
0.16289602465471
0.10164208400651
0.07116920610786
0.07446920187085
0.15497780511680
0.10732158080833
0.17921579124231
0.21278008343955
0.15558654694753
0.09774565989223
0.08280723089013
0.07236641464323
0.09330270501645
0.06612455320031
0.19599017959504
0.07547162806275
0.08776857528121
0.00919454393444
0.00840295746880
0.08398062720900
0.13242918397853
0.19460039705436
0.23843183287556
0.11633529997093
0.15903854164060
0.13240945528237
0.14559470941560
0.14652221376153
0.09142533214999
0.06401549486968
0.06698378513718
0.13939990946833
0.09653394327919
0.41759943339093
0.44345938491839
0.09311599352415
0.03843152594760
0.00068440042451
0.00400253542142
0.00802822443618
0.01949380549170
0.17311441045305
0.06788545050981
0.07894634615030
0.00827033645945
0.00755831784774
0.07553915104944
0.11911780686053
0.17503975947675
0.21446539323596
0.10464163092061
0.46160135670306
0.06738600763822
0.00276418555674
0.01282940449575
0.05321567243619
0.05370903165036
0.03388975878039
0.06779743132544
0.33089928578814
0.46941788515123
0.49848670753338
0.10467043118074
0.04320035946162
0.00076932527724
0.00449919602981
0.00902441870132
0.02191272357139
0.19459557160845
0.07763876784155
0.00373056302932
0.00146835058049
0.00342801379191
0.00047964584630
0.00000000000000
0.00000000000000
0.05969572495167
0.16794092399283
0.51887985308553
0.07574770142158
0.00310718366564
0.01442136038654
0.05981901893174
0.06037359736364
0.03809502030642
0.07621017723384
0.37195941975167
0.07200359370894
0.00961315999484
0.00819223756662
0.00820966299840
0.00670237022497
0.00191060329413
0.00881958264569
0.01506279368157
0.09093726029207
0.27685466925385
0.01330293901265
0.00523604026198
0.01222406860568
0.00171038510565
0.00000000000000
0.00000000000000
0.21287097473126
0.59886613683918
0.14530404778179
0.02625757799800
0.03079327411928
0.04410479974434
0.11072006122891
0.19045572991759
0.11923499923279
0.05684333355046
0.09693415872021
0.25676001404431
0.03427988754648
0.02921297291302
0.02927511084085
0.02390020531545
0.00681308394990
0.03145004363429
0.05371291789767
0.32427620660333
0.28568955707206
0.17717288032874
0.03405309896647
0.03811231046968
0.17338148330053
0.25870156960469
0.12652500773182
0.04623754962714
0.09876234713410
0.16389395154185
0.02961691901710
0.03473290285691
0.04974747794306
0.12488536022763
0.21482224787611
0.13448968204724
0.06411575380464
0.10933571744607
0.12598226543068
0.07547286358609
0.05249559677744
0.04525272906386
0.10636275753864
0.30355056562545
0.38235611231741
0.17617753563951
0.11602396517265
0.32224009680099
0.19984001757979
0.03840978305190
0.04298832180261
0.19556355694223
0.29179932121550
0.14271235937744
0.05215308749956
0.11139780055999
0.01581917729192
0.01225243795233
0.00036130805544
0.01750792975869
0.11366597229704
0.32387151596687
0.33622159301701
0.12003491488094
0.01414373024826
0.13034472468017
0.07808630517417
0.05431339153559
0.04681972094001
0.11004584097772
0.31406178296366
0.39559617394892
0.18227813493637
0.12004159271967
0.04513953314387
0.03948959959600
0.04316378600209
0.09126295162469
0.21725977412282
0.48417182957038
0.21722088722180
0.02830189354827
0.00724637696992
0.01636695690249
0.01267671005993
0.00037381927409
0.01811418675728
0.11760194828941
0.33508639836040
0.34786412852248
0.12419143185493
0.01463349320523
0.02694502731206
0.02242506546748
0.03224080628466
0.03228211357841
0.07300994198947
0.15063943880382
0.11296671499291
0.06595620433213
0.03847882404639
0.65274817469943
0.10357884777476
0.00655086665954
0.00102529982594
0.00492059441151
0.00482772171178
0.00641211506207
0.00416888645935
0.05247465129777
0.13374441832870
0.04527337965486
0.00856696314702
0.00239861586552
0.00269114583880
0.00485156482813
0.00749440431341
0.02430799546381
0.11135221175624
0.70983748738790
0.07446916578975
0.01106394158588
0.01647684838648
0.00968885896064
0.00481733450402
0.00256549693487
0.02043526461755
0.07449478315424
0.06380185947041
0.04752091644853
0.02826712424957
0.03150426705383
0.04103831782510
0.01477756430343
0.01605299995990
0.01288744774389
0.02911741075224
0.32880115184946
0.11130138786092
0.02106127033780
0.00589682671832
0.00661599087760
0.01192722749627
0.01842446063520
0.05975948011534
0.27375150263434
0.53845458486629
0.10501399196257
0.01317995960446
0.00424230033429
0.00403082282044
0.01414433463568
0.07742978526714
0.19560151480511
0.31725500307810
0.15685233930623
0.11682679741310
0.06949271699615
0.07745100262812
0.10088978919251
0.03632959210721
0.03946516006734
0.03168287481110
0.07158308596238
0.21117366885592
0.26071641226975
0.05278992687890
0.07379735555324
0.04660654341451
0.17632489240861
0.33234625922371
0.10459247146024
0.09995994631743
0.05804205737635
0.01131985559808
0.00142071772268
0.00045729360717
0.00043449764566
0.00152467135678
0.00834644957147
0.02108462749563
0.03419811736985
0.70114611829841
0.06376452624649
0.00182561818074
0.00241302911737
0.00060577202790
0.00254053538780
0.00109753372411
0.00259005960840
0.04172799836131
0.02276320891047
0.02810360870764
0.00569042599119
0.00795489622641
0.00502389568779
0.01900672741899
0.03582486097963
0.01127441830797
0.01077506089197
0.69694681395277
0.08391916884720
0.00713653347094
0.00001248086212
0.00000000000000
0.00000000000000
0.00019589436866
0.00588314555767
0.03461151859174
0.66767056169298
0.06072014940110
0.00173845577171
0.00229782133014
0.00057685001681
0.00241923993460
0.00104513301711
0.00246639966824
0.03973573464520
0.23458043190683
0.15088006804321
0.01775990436184
0.00980659875004
0.00399626601739
0.00458994829314
0.00406426970633
0.00225177558782
0.01528856601949
0.66367174915163
0.07991252770107
0.00679580644709
0.00001188497519
0.00000000000000
0.00000000000000
0.00018654157777
0.00560226035130
0.03295902445453
0.09350357277353
0.09893665174995
0.04245560000440
0.04377225423913
0.00599566735174
0.00185809865824
0.00112270571382
0.00083997146410
0.01142064859528
0.49737817239933
0.31990926048181
0.03765611948821
0.02079281773037
0.00847323654404
0.00973201419612
0.00861742397794
0.00477441369436
0.03241616942883
0.19673798358820
0.23358390615828
0.17079847321334
0.10730239728538
0.09090341603782
0.07944178578085
0.10242504815573
0.07258964833467
0.21515242864108
0.19825454220913
0.20977423662620
0.09001811688492
0.09280980360673
0.01271254403226
0.00393970506091
0.00238045991963
0.00178098176513
0.02421506892012
0.17444075679406
0.17882019256110
0.12151579401727
0.08877988669416
0.19460092439636
0.32430183769761
0.10445096370868
0.08568733966237
0.29896974318576
0.20780607738691
0.24672487942676
0.18040726094067
0.11333902008856
0.09601746426064
0.08391102512408
0.10818728084537
0.07667339983974
0.22725648306813
0.08751161308391
0.10177029167237
0.01066134906490
0.00974348085030
0.09737805243512
0.15355560502433
0.22564498858879
0.27646885115749
0.13489426451211
0.18425445226507
0.18888026651465
0.12835203469473
0.09377446931338
0.20554879142870
0.34254642419415
0.11032717044115
0.09050794163992
0.31578919563822
0.06130258639305
0.04699385049220
0.07123741172502
0.10751804310788
0.14524319026966
0.09477054946085
0.16656587259993
0.20863532556995
0.26402489101012
0.08758945400267
0.10186081557802
0.01067083225436
0.00975214760291
0.09746466947714
0.15369219157500
0.22584569810156
0.27671476811207
0.13501425194137
0.59558286049335
0.08694504598741
0.00356650065454
0.01655318667731
0.06866171849883
0.06929827705256
0.04372638681138
0.08747588692397
0.42694402930814
0.06135711458055
0.04703565116721
0.07130077686460
0.10761367959501
0.14537238299020
0.09485484714867
0.16671403168533
0.20882090511596
0.26425973915616
0.12241218961904
0.01809800246120
0.00046808801766
0.00575171122756
0.00599606429289
0.00431154964027
0.04650599849863
0.11468186018834
0.11903649021758
0.74713358990793
0.10906889476213
0.00447402471460
0.02076527483747
0.08613323121620
0.08693176708582
0.05485290883796
0.10973481233787
0.53558328566156
0.10367776496647
0.01384196109098
0.01179597902314
0.01182106985164
0.00965072337516
0.00275107212111
0.01269929137618
0.02168887277166
0.13094029636030
0.15356093122425
0.02270318111203
0.00058719668449
0.00721527925435
0.00752180987337
0.00540865725742
0.05833981451675
0.14386355884865
0.14932625863785
0.02997578737810
0.01324200005767
0.00686185800279
0.01287604436307
0.02435132307648
0.04560663661773
0.05786501286546
0.07027664325911
0.02430326149574
0.22583924290810
0.03015167248408
0.02569494985552
0.02574960471535
0.02102198153353
0.00599260646889
0.02766261744545
0.04724444636578
0.28522468058350
0.25128489541509
0.15583652815342
0.02995219531315
0.03352256921308
0.15250171670468
0.22754698326421
0.11128801367866
0.04066931231713
0.08686871975611
0.06529566999476
0.02884478912697
0.01494705076633
0.02804763501169
0.05304400966959
0.09934404246335
0.12604622312827
0.15308223429483
0.05293931807047
0.69801827798335
0.27724191013505
0.08078942353692
0.11495679520438
0.11901346457874
0.06263506011633
0.05216401409362
0.05083350365978
0.08790002900936
0.24749854328821
0.15348838872846
0.02950087666847
0.03301745229776
0.15020382610347
0.22411831317791
0.10961112973148
0.04005650852350
0.08555978488653
0.01215001911505
0.00941056241925
0.00027750493588
0.01344707612208
0.08730186852671
0.24875156509107
0.25823711983659
0.09219357513756
0.01086318142235
0.68750056267427
0.27306443860669
0.07957209129284
0.11322463018386
0.11722017380417
0.06169127719338
0.05137800853055
0.05006754618199
0.08657555440756
0.00396815000573
0.00757190211708
0.01533106475445
0.01221370080053
0.08906664368380
0.17432856243821
0.19497805497281
0.02855737405461
0.01009550242485
0.02291012546361
0.01774459477526
0.00052326443585
0.02535586143184
0.16461675839477
0.46904696293399
0.48693296354469
0.17384058027722
0.02048365907603
0.03771708815618
0.03139013968513
0.04513000928823
0.04518783037787
0.10219779651371
0.21086194967848
0.15812845534561
0.09232412142067
0.05386185665710
0.00748235979128
0.01427760943073
0.02890831806018
0.02303020390878
0.16794442560921
0.32871464641581
0.36765141353097
0.05384790067463
0.01903612043581
0.00611012271573
0.00758969451840
0.00996733321755
0.01309077922967
0.07932021014090
0.22046280037102
0.22861214834819
0.04257266340397
0.01396685984696
0.65197584736180
0.06839889176150
0.01016207627631
0.01513375579551
0.00889908203366
0.00442465465841
0.00235637320898
0.01876950598103
0.06842242095405
0.05860111945419
0.04364730000800
0.02596295999091
0.02893623057796
0.03769312344546
0.01357298702852
0.01474445691798
0.01183694128930
0.02674393630299
0.69752444702125
0.13586194287204
0.01941027285797
0.00073221024919
0.00028461903352
0.00485631381423
0.03958611828463
0.07306291029938
0.13765738882452
0.08723071567366
0.06763746115185
0.05052228073489
0.03388390667500
0.02710155603250
0.06549268319422
0.03943951887139
0.01963468436508
0.03385589231680
0.19918235729852
0.14835505168302
0.08824683933689
0.09835284157595
0.12811709489064
0.04613392332950
0.05011569255609
0.04023318822519
0.09090133987006
0.26816348004844
0.33107641117749
0.06703643773414
0.09371317830838
0.05918433364716
0.22391000271782
0.42203713151056
0.13281902656520
0.12693631367568
0.29649296359090
0.22989644360712
0.17172277708348
0.11516975219707
0.09211687195211
0.22260644755476
0.13405300807716
0.06673733800780
0.11507453275492
0.11897308614502
0.04490169334036
0.11805390102091
0.08240609655152
0.09156818008919
0.05666390248808
0.06725149987277
0.08708930818681
0.30297554861424
0.02291163886795
0.02828686131768
0.00572753102727
0.00800676698476
0.00505665454117
0.01913066283398
0.03605846084743
0.01134793436789
0.01084532083802
0.70149133078134
0.08446637283383
0.00718306800673
0.00001256224492
0.00000000000000
0.00000000000000
0.00019717171900
0.00592150724246
0.03483720672971
0.01016495006803
0.00383635900827
0.01008641574407
0.00704070041292
0.00782350032756
0.00484131124201
0.00574590573681
0.00744082966881
0.02588594969910
0.69336315424815
0.10938241686512
0.01067230063326
0.00244519765630
0.00968486690299
0.02616468469098
0.00517683083510
0.01259770054488
0.03466478039766
0.68902462161236
0.08296525990703
0.00705541251642
0.00001233899219
0.00000000000000
0.00000000000000
0.00019366763796
0.00581627185979
0.03421808956389
0.09707549542683
0.10271612302730
0.04407744305185
0.04544439469178
0.00622470737021
0.00192907973942
0.00116559410678
0.00087205914815
0.01185692789694
0.68104089677582
0.10743850292147
0.01048263546946
0.00240174228243
0.00951275013729
0.02569969317900
0.00508482963479
0.01237381770841
0.03404872754475
0.00419904786198
0.00273785474229
0.00453151125317
0.00844382559117
0.06070351741813
0.10024415683628
0.03036840586111
0.02313265219845
0.00819174657490
0.19085106423122
0.20194057529420
0.08665654373484
0.08934397967412
0.01223781574237
0.00379258349016
0.00229156570114
0.00171447403658
0.02331079844295
0.16792656404476
0.17214245724729
0.11697799379867
0.08546455314015
0.18733388454851
0.31219133830205
0.10055042049302
0.08248749200638
0.28780522768425
0.00825535578977
0.00538264047975
0.00890898100948
0.01660061680006
0.11934351558948
0.19708067345980
0.05970448620544
0.04547894678418
0.01610502779159
0.18205374805785
0.05800099200064
0.03972190157705
0.02592074336934
0.12843948083681
0.15298733355575
0.18415819236400
0.27412644790234
0.59018417555156
0.13027124041361
0.13354177500753
0.09074721703462
0.06630025101922
0.14532672451472
0.24218653622993
0.07800331100828
0.06399075669419
0.22326869022317
0.04334204070410
0.03322550483949
0.05036614244698
0.07601720702173
0.10268957045792
0.06700449775392
0.11776509369203
0.14750896014711
0.18667038776613
0.14123058919446
0.04499503229953
0.03081478752016
0.02010835754530
0.09963861633131
0.11868193590007
0.14286313953993
0.21265719692149
0.45784313553331
0.07763060561877
0.07322618584207
0.03250203561510
0.04005782661692
0.18193719387790
0.46514335008875
0.34442859277664
0.08755894707547
0.05965813319964
0.05960667901775
0.04569378760199
0.06926666205440
0.10454360674209
0.14122510535541
0.09214876654354
0.16195790565373
0.20286352688737
0.25672076591079
0.11891993527340
0.01758169090809
0.00045473409907
0.00558762267893
0.00582500468152
0.00418854695553
0.04517924520829
0.11141014169482
0.11564054001405
0.10676245317248
0.10070522024979
0.04469882757849
0.05509002286266
0.25021138231367
0.63969416104014
0.47367969391038
0.12041652789471
0.08204558757872
0.09482061667383
0.04631742917999
0.01854091776281
0.00211910240954
0.04464779739468
0.07469567559062
0.06475955820400
0.05652415023611
0.06410227477640
0.33338223387291
0.04928882089219
0.00127480955500
0.01566443949417
0.01632992036685
0.01174224605410
0.12665628902004
0.31232914674000
0.32418871964166
0.06507771787094
0.02874850735129
0.01489715861483
0.02795401407757
0.05286695268306
0.09901243938699
0.12562549014503
0.15257125710315
0.05276261053676
0.26582178111056
0.12984709394413
0.05197793429343
0.00594072889018
0.12516641889120
0.20940316803737
0.18154808215323
0.15846079490507
0.17970544225541
0.00704356756411
0.01374404568351
0.01218805487029
0.03044480295297
0.30504210066511
0.43166268413750
0.26455195590422
0.12398551747861
0.01956848989254
0.05196469524071
0.02295574387070
0.01189541263428
0.02232133931273
0.04221437343467
0.07906164208137
0.10031221934976
0.12182847120700
0.04213105601036
0.55550861321685
0.22063930685263
0.06429519404742
0.09148684482638
0.09471529148674
0.04984728406325
0.04151404059602
0.04045517146711
0.06995407535427
0.00562430358425
0.01097464952189
0.00973218756945
0.02431023949322
0.24357676198918
0.34468356546365
0.21124529583475
0.09900269771007
0.01562548053089
0.18614272880217
0.36695613182228
0.17735179460735
0.04663505140081
0.07310098047093
0.14245607154829
0.09254554183523
0.08670218522776
0.30600254203723
0.57585805779993
0.22872178701733
0.06665046173742
0.09483819966513
0.09818491109195
0.05167329453461
0.04303478689667
0.04193712917269
0.07251663972486
0.00332376623296
0.00634230876850
0.01284146901519
0.01023033056757
0.07460320359158
0.14601952759751
0.16331577040970
0.02391997163607
0.00845610423397
0.19296152702453
0.38039850389586
0.18384856248854
0.04834339105844
0.07577882257035
0.14767453596904
0.09593567896394
0.08987826795906
0.31721205638735
0.01104241738958
0.01338579603657
0.01429333533831
0.05523116433349
0.06730620973252
0.31252340042991
0.23301951767139
0.05526671013374
0.01715238146430
0.00450055831019
0.00858782731192
0.01738803996449
0.01385241801763
0.10101675158777
0.19771829675083
0.22113834011955
0.03238892857706
0.01145002010209
0.00367517258347
0.00456511898511
0.00599524289048
0.00787396181050
0.04771024661657
0.13260598473953
0.13750772921379
0.02560699557552
0.00840091480562
0.01495202726788
0.01812508803822
0.01935394508170
0.07478596814587
0.09113622929769
0.42317349908226
0.31552096422803
0.07483409907191
0.02322524736342
0.00000000000000
0.00268247046856
0.00477789167358
0.00869296907455
0.14700597694445
0.72078768164312
0.13785770963245
0.02349067484210
0.00170948369087
0.66078197301570
0.12870534223154
0.01838782633445
0.00069364068197
0.00026962657342
0.00460050488188
0.03750089829232
0.06921428234962
0.13040621210640
0.08263579098419
0.06407462164309
0.04786099252553
0.03209905373468
0.02567396704650
0.06204282101362
0.03736202108173
0.01860041684518
0.03207251504781
0.67031033443996
0.03085761077465
0.01157587507842
0.00275221316485
0.00244831529404
0.00457612463810
0.00532507044372
0.00994826978169
0.19344854497078
0.08791548369451
0.06771164979959
0.00524869214478
0.00300370379643
0.00000000000000
0.00291148601934
0.00725389064547
0.01776288624478
0.03149308692139
0.35411370544078
0.27457475053506
0.20509555493369
0.13755195810135
0.11001895783801
0.26586800929074
0.16010500499157
0.07970713964667
0.13743823361669
0.14209443580816
0.05362793375178
0.14099661531913
0.09842098054318
0.10936363264456
0.06767602249905
0.08032122424753
0.10401433225531
0.36185612258164
0.37673842442724
0.29016026743942
0.02249187430734
0.01287157379063
0.00000000000000
0.01247639903204
0.03108461920356
0.07611812499822
0.13495524847866
0.27754718702848
0.14709160256983
0.04671621536650
0.01545902191217
0.00472855260879
0.04687463561034
0.02904547609564
0.04929891168111
0.16931780196137
0.01253784644435
0.00473191504427
0.01244097914172
0.00868427489039
0.00964981088031
0.00597146238156
0.00708722456379
0.00917780994316
0.03192874143221
0.85522119636134
0.13491654530405
0.01316363244800
0.00301600229569
0.01194569311714
0.03227254405825
0.00638530535265
0.01553849590274
0.04275689410615
0.02448965712297
0.01297877651426
0.00412205257296
0.00136404245396
0.00041722862810
0.00413603094361
0.00256285699802
0.00434993939781
0.01493992772632
0.44083679199361
0.14546305475323
0.02399352660473
0.01468068038076
0.06334707130419
0.08016050612485
0.06179592758851
0.06590181508119
0.09635171222432
0.82338984996034
0.12989494936248
0.01267368184092
0.00290374664273
0.01150107423113
0.03107135946000
0.00614764418684
0.01496015284046
0.04116548183396
0.00507671918885
0.00331011223575
0.00547867299674
0.01020872655301
0.07339156919299
0.12119686445790
0.03671591128211
0.02796776392290
0.00990395880064
0.42442883965104
0.14004891756381
0.02310048716653
0.01413426522572
0.06098929231233
0.07717693082410
0.05949588219019
0.06344894848570
0.09276549997749
0.08934865104729
0.03378951079273
0.00716058608045
0.02207665556528
0.12255970086669
0.09249373578624
0.05671818416184
0.07653130276676
0.10397968949097
0.00775204800900
0.00505447475273
0.00836582338248
0.01558851994877
0.11206744881411
0.18506517238172
0.05606445745085
0.04270621253012
0.01512314572576
0.17095439991956
0.05446482090035
0.03730015954195
0.02434042240518
0.12060885648704
0.14366008984889
0.17293054167639
0.25741366438847
0.55420216639198
0.13643359159580
0.05159590281086
0.01093407080506
0.03371060865374
0.18714619614459
0.14123607268286
0.08660752550027
0.11686175877965
0.15877489278222
0.23782611315108
0.21177177278187
0.23613948386601
0.10739776679685
0.02421037650863
0.08244154633528
0.14168238885927
0.23879900423111
0.31284730078719
0.13115037062386
0.04178354842229
0.02861540709428
0.01867313986117
0.09252699103525
0.11021110914024
0.13266639901467
0.19747896225004
0.42516495367801
0.07208978420842
0.06799972631521
0.03018222922713
0.03719873178438
0.16895157446731
0.43194412135012
0.31984528177469
0.08130949835925
0.05540008240769
0.18245206264637
0.16246406352268
0.18115813832534
0.08239189471700
0.01857337309566
0.06324633564133
0.10869388455933
0.18319843141946
0.24000575279852
0.25847880668804
0.15524948687376
0.05221248382738
0.02829874421284
0.12629112805957
0.09276131970835
0.06427950705772
0.12864447500475
0.19054558274607
0.09244267490063
0.08719788333552
0.03870348669866
0.04770093719684
0.21665116138061
0.55389359842950
0.41014623259401
0.10426536305652
0.07104102007958
0.08210256677874
0.04010498935428
0.01605407127858
0.00183487255402
0.03865930106456
0.06467693322812
0.05607352217815
0.04894270868682
0.05550439851707
0.33145434623973
0.19908060484781
0.06695347643508
0.03628824305814
0.16194652019337
0.11895034248348
0.08242734582934
0.16496428046233
0.24434174069131
0.27970739146883
0.15387008027615
0.07108236536316
0.03381220366413
0.09796141392709
0.06468494992502
0.02717290907752
0.02659518573414
0.08111700530267
0.18668516835332
0.09119089674246
0.03650381610449
0.00417214108028
0.08790368451097
0.14706268807414
0.12750021514189
0.11128614085221
0.12620613932124
0.00494665858840
0.00965236735516
0.00855960360304
0.02138121692291
0.21422938210557
0.30315431836844
0.18579337712600
0.08707434397274
0.01374284234628
0.63599986595726
0.34987044824437
0.16162738712585
0.07688233366011
0.22274508299347
0.14708091647393
0.06178587716334
0.06047224734819
0.18444419444348
0.09040607556397
0.06078963052778
0.02267139905606
0.02134466208397
0.05296752609049
0.04205312947901
0.03121408774112
0.04077078100286
0.09536361342897
0.00412692127070
0.00805282180662
0.00714114579506
0.01783802082470
0.17872828254071
0.25291699081730
0.15500456041462
0.07264478755738
0.01146544225464
0.13658515678820
0.26925983691043
0.13013467047030
0.03421920291163
0.05363899488980
0.10452938448394
0.06790674781096
0.06361909293700
0.22453418111304
0.07542440004253
0.05071585491088
0.01891439995886
0.01780752368413
0.04418999334049
0.03508427991236
0.02604143389769
0.03401443627790
0.07956039772657
0.52319488720292
0.25395936644123
0.07074703535306
0.03278074039318
0.15189186180190
0.43531378578859
0.14884403270628
0.06607658503933
0.29728853611278
0.07975340019125
0.15722343506073
0.07598689855347
0.01998092507423
0.03132033030453
0.06103572326985
0.03965140986917
0.03714780652686
0.13110769005956
0.00456396851088
0.00553251606496
0.00590761335113
0.02282772747522
0.02781849399166
0.12916981021014
0.09630986617792
0.02284241899677
0.00708929269088
0.30549857831051
0.14828934168529
0.04130988136292
0.01914099283275
0.08869113397780
0.25418394928963
0.08691147695435
0.03858276004387
0.17358966486850
0.00685118291986
0.00461503951393
0.00344197022543
0.03771695688654
0.38491273557453
0.72551887288106
0.06831281591723
0.01197602206183
0.00969822686987
0.00388860134969
0.00471382512525
0.00503341624639
0.01944972487410
0.02370196749270
0.11005551355713
0.08205811997080
0.01946224237294
0.00604023298155
0.00000000000000
0.00069763504960
0.00124259511287
0.00226079652415
0.03823211596113
0.18745658374384
0.03585290918338
0.00610926319620
0.00044458858110
0.00583735823017
0.00393211496530
0.00293263418280
0.03213567514892
0.32795409948670
0.61815800472585
0.05820401861762
0.01020383366858
0.00826310216776
0.00145740984531
0.00048470049717
0.00411991965275
0.02496571656623
0.35111776295204
0.56774813073335
0.03455231958895
0.00264378265479
0.00390202843075
0.67189216150907
0.03093042988769
0.01160319232479
0.00275870795549
0.00245409293345
0.00458692357324
0.00533763677329
0.00997174613529
0.19390505314198
0.08812295042262
0.06787143865416
0.00526107823355
0.00301079206544
0.00000000000000
0.00291835666889
0.00727100868765
0.01780480386538
0.03156740565828
0.68575200347878
0.09867063819967
0.00481860660166
0.00649654697539
0.00108298568961
0.00032775698734
0.00096370875075
0.01235235446089
0.06127420405748
0.07775621865503
0.05171752459341
0.02120280639254
0.00485552704423
0.00737931132421
0.01762618722365
0.01859079224786
0.02382322367832
0.03854073101247
0.39808673046900
0.30660252495503
0.02376640163196
0.01360095597919
0.00000000000000
0.01318338819896
0.03284606407066
0.08043144406106
0.14260263924015
0.29327471017328
0.15542671346968
0.04936344219046
0.01633502475522
0.00499650135434
0.04953083949538
0.03069137062780
0.05209248989309
0.17891238541827
0.35125604294416
0.23362881263741
0.09578158508192
0.02193436416363
0.03333531054147
0.07962456101216
0.08398206899888
0.10761906152543
0.17410394823437
0.32291451887187
0.33905992710806
0.14087349376660
0.02019424927976
0.00925953161544
0.03809169985327
0.09010411960619
0.08793909325760
0.25846836154889
0.03388190853688
0.01795638528415
0.00570293849195
0.00188717879689
0.00057724377868
0.00572227783482
0.00354576162352
0.00601822426821
0.02066967545642
0.60990612449257
0.20125091551496
0.03319550248568
0.02031100180058
0.08764188347885
0.11090359179612
0.08549584651156
0.09117642030608
0.13330443478913
0.03730618363644
0.03917145611366
0.01627505770358
0.00233303344384
0.00106974993890
0.00440071866299
0.01040969246032
0.01015956784276
0.02986074517132
0.71264992434360
0.10611142350181
0.01559366091819
0.00716864166918
0.00424136947013
0.00427949165255
0.00824715791452
0.00324920581360
0.08215742209350
0.56254362639772
0.18562269713858
0.03061769278661
0.01873374303000
0.08083601881771
0.10229133009843
0.07885663318854
0.08409607980837
0.12295262688757
0.11842388989215
0.04478506679984
0.00949073598331
0.02926069277158
0.16244225682791
0.12259242701567
0.07517503529527
0.10143560608830
0.13781606274929
0.65730881637867
0.09787129950301
0.01438272909463
0.00661195800302
0.00391200426886
0.00394716605833
0.00760672164846
0.00299688746824
0.07577745542139
0.15021387790490
0.17051232976138
0.08084668543558
0.01646436087092
0.01436475192230
0.02865607512119
0.01829754558065
0.01619302497900
0.03568857553667
0.16030581757214
0.06062380449510
0.01284724047278
0.03960906267939
0.21989177025665
0.16594860427907
0.10176152383610
0.13730943798350
0.18655624835259
0.27943931595408
0.24882616353803
0.27745757169797
0.12618950077043
0.02844654424582
0.09686660984739
0.16647301383773
0.28058243692721
0.36758720298521
0.20333868892635
0.23081591436849
0.10943901622005
0.02228716547497
0.01944500643597
0.03879061526263
0.02476867637553
0.02191986862270
0.04831023777890
0.09110168662890
0.17567571927006
0.18920690343475
0.22119318041929
0.25700926040041
0.18525070949059
0.06962717584896
0.04086986288473
0.03384298809142
0.23955724952414
0.21331325960092
0.23785834326383
0.10817951518446
0.02438660384895
0.08304163838413
0.14271369502463
0.24053722227874
0.31512451641516
0.33937940241588
0.20384061175344
0.06855433057369
0.03715589306192
0.16581865306665
0.12179443898440
0.08439817938020
0.16890856782665
0.25018393900044
0.07809949505965
0.15060297429095
0.16220296425739
0.18962410401638
0.22032845061028
0.15881140521134
0.05968986390323
0.03503684478924
0.02901285781916
0.14014048030227
0.09736382653212
0.08111655596042
0.05248302852257
0.03101439253630
0.02596359499793
0.04407954794127
0.21288450254821
0.28745157114902
0.41330807568354
0.24824420807580
0.08348785532500
0.04524974277286
0.20193974037184
0.14832551665559
0.10278304712223
0.20570274635980
0.30468272870753
0.34878204203372
0.19186879733419
0.08863638681037
0.04216223739282
0.12215330388867
0.08065910881091
0.03388334740203
0.03316295339893
0.10114911373831
0.17066796578339
0.11857306453697
0.09878657164053
0.06391566303169
0.03777040918342
0.03161937174157
0.05368161122012
0.25925817378637
0.35006855123820
0.12513649959492
0.06488433893447
0.06048995549088
0.10114130705296
0.04201827162265
0.07721735028353
0.13737447449145
0.17233396617398
0.07669650554869
0.61255774500049
0.33697468237090
0.15567001360781
0.07404855167120
0.21453499136051
0.14165970678668
0.05950853076217
0.05824331961920
0.17764582333154
0.08707382618463
0.05854900447104
0.02183576101999
0.02055792583270
0.05101521254475
0.04050310627833
0.03006357740370
0.03926802348524
0.09184863570565
0.21977430822459
0.11395484730749
0.10623709441753
0.17763211263261
0.07379570795534
0.13561502676225
0.24126757737997
0.30266611517895
0.13470027933314
0.15176505019763
0.03978697266350
0.01905499417177
0.02043122374381
0.02390613848272
0.09991957229710
0.04151337036366
0.06657879971494
0.10887730919037
0.07478522593919
0.05028607010558
0.01875411237783
0.01765661617970
0.04381551108602
0.03478696282212
0.02582074921008
0.03372618543605
0.07888617365784
0.51876114132346
0.25180722137626
0.07014749895820
0.03250294434394
0.15060467430664
0.43162477668085
0.14758267363563
0.06551662775800
0.29476920372968
0.13034667323147
0.03417189608468
0.01636579104017
0.01754779536913
0.02053230053280
0.08581807091078
0.03565464983197
0.05718263222847
0.09351161565115
0.29406597200715
0.30391936824833
0.19731187300326
0.05462628646460
0.13412859678874
0.16919111035522
0.04078442107864
0.04375862164804
0.09412454167815
0.27538382717979
0.13367160878163
0.03723772887251
0.01725415513046
0.07994833902925
0.22912757614180
0.07834411302959
0.03477943557970
0.15647793366081
0.00617582243301
0.00416010853785
0.00310267543292
0.03399897961697
0.34696967442192
0.65400030667928
0.06157882893188
0.01079547671879
0.00874221689362
0.15610462381218
0.16133528924077
0.10474280821618
0.02899830891895
0.07120202994331
0.08981492980672
0.02165036867891
0.02322922004298
0.04996591774925
0.00968734492554
0.00583033924896
0.00348412841008
0.01096046352212
0.23619360585511
0.34948836063091
0.05782659679876
0.00658697297005
0.01220924776710
0.00524792003311
0.00353506228078
0.00263650594513
0.02889071507038
0.29483831911188
0.55573834065248
0.05232675865810
0.00917348242345
0.00742871992637
0.00131024515236
0.00043575695526
0.00370390303763
0.02244475650505
0.31566298820820
0.51041869824566
0.03106333430492
0.00237682174199
0.00350801379049
0.00823184475491
0.00495434486279
0.00296064653405
0.00931368035818
0.20070608721444
0.29697857880306
0.04913829033766
0.00559729619530
0.01037483778739
0.00267744677239
0.00131521864104
0.00026184636052
0.00824392021956
0.16939440195034
0.27447940275241
0.05853643760060
0.00592997019817
0.00097064740465
0.66511815615926
0.09570170063448
0.00467361775379
0.00630106995496
0.00105039933003
0.00031789498534
0.00093471135939
0.01198067986907
0.05943050172087
0.07541658284539
0.05016137674289
0.02056482725777
0.00470942728342
0.00715727247866
0.01709582631453
0.01803140697906
0.02310639783232
0.03738106460937
0.63438902829672
0.12500089492284
0.01396239317946
0.00414794522527
0.00829508385607
0.00790831555259
0.00320264979456
0.02320010265273
0.08016122940369
0.30159083293434
0.11150605771637
0.00298198716289
0.00126205820498
0.00545492736139
0.00211571837214
0.00684993716224
0.03538316088322
0.05783041562783
0.19824938674798
0.13186041852492
0.05405925644747
0.01237978486490
0.01881449445398
0.04494021016244
0.04739959357653
0.06074034419730
0.09826450437282
0.18225339214604
0.19136588243885
0.07950919082896
0.01139766166581
0.00522609219459
0.02149900702861
0.05085488723744
0.04963294343170
0.14587989359935
0.79279908240628
0.29311865808443
0.00783882143727
0.00331760278360
0.01433949886548
0.00556163981426
0.01800659470956
0.09301256675451
0.15202020565028
0.07421030308830
0.10029466141287
0.18338097984501
0.07255571457700
0.09938438185155
0.07123284921230
0.03973190775784
0.03264588223874
0.01616398077675
0.04239831116893
0.04451818501275
0.01849653042866
0.00265148209432
0.00121576603022
0.00500139711579
0.01183056901254
0.01154630350123
0.03393660358957
0.80992345776473
0.12059515913101
0.01772212602380
0.00814712925639
0.00482029746943
0.00486362315957
0.00937285815474
0.00369270790278
0.09337154346055
0.01726382968915
0.02333193480294
0.04266062625436
0.01687891636747
0.02312017294963
0.01657117308375
0.00924298729706
0.00759453778744
0.00376028933471
0.49802118136200
0.10196794586794
0.06789844273774
0.04748391716309
0.03428002130048
0.01825666342716
0.03303927767792
0.02814294972854
0.20508646956783
0.73430993459250
0.10933653367451
0.01606760870625
0.00738652263250
0.00437028003765
0.00440956089116
0.00849781888964
0.00334796093701
0.08465448347495
0.16781083732748
0.19048717223072
0.09031755365962
0.01839309538071
0.01604752557956
0.03201302055227
0.02044103040113
0.01808997356630
0.03986935047124
0.45152649624558
0.09244833563343
0.06155952215940
0.04305087322999
0.03107967790988
0.01655224231198
0.02995476868593
0.02551555628656
0.18593983247477
0.30634609073997
0.08483501248120
0.02606891946572
0.02163086111305
0.04999032908415
0.05768366028762
0.02597723656786
0.01166177901658
0.02043562139135
0.17052894000543
0.19357257303798
0.09178046504471
0.01869101607883
0.01630745409756
0.03253154890406
0.02077212236372
0.01838298447297
0.04051513110144
0.07640195840527
0.14732953354817
0.15867739117824
0.18550251697055
0.21553948724208
0.15535954958442
0.05839247098419
0.03427529917056
0.02838224696106
0.31130810715608
0.08620912084203
0.02649116871339
0.02198122526386
0.05080004345969
0.05861798678285
0.02639800078908
0.01185066975379
0.02076662574193
0.76160024908149
0.21020727591814
0.02036352860952
0.01009859060286
0.01625442259874
0.01377506110683
0.00577293325371
0.03204303421917
0.13695571864361
0.07338913726036
0.14151976710752
0.15242013535210
0.17818744393804
0.20703994170321
0.14923312892950
0.05608983274092
0.03292369316144
0.02726302651738
0.13168828987666
0.09149159317998
0.07622423237077
0.04931765795849
0.02914384413311
0.02439767165741
0.04142101036333
0.20004495504332
0.27011471450166
0.73156744125443
0.20191799984567
0.01956051686925
0.00970036458959
0.01561344860899
0.01323185781412
0.00554528443766
0.03077945494637
0.13155503136206
0.20422271400653
0.15269208944499
0.09156703574728
0.04488572075378
0.02179639430750
0.04127514273960
0.02744682903381
0.05721568018260
0.15043293669411
0.21648225850514
0.15040294580776
0.12530494542758
0.08107325251954
0.04790953854262
0.04010730997882
0.06809196080697
0.32885371744822
0.44404133052042
0.15872827644832
0.08230196082594
0.07672794435344
0.12829178855262
0.05329770175440
0.09794565903702
0.17425142651909
0.21859548183661
0.09728499818007
0.33572153156208
0.25101038528088
0.15052696577469
0.07378759502846
0.03583107253785
0.06785216915460
0.04511981698304
0.09405680398338
0.24729656615333
0.07739962255299
0.06377579592787
0.06384121182262
0.02316226604618
0.11571394843089
0.29631208555900
0.19613267180934
0.02691810213429
0.05678654452067
0.23888035989432
0.12386149753545
0.11547280277480
0.19307453786228
0.08021112848647
0.14740470194968
0.26224214368341
0.32897835559503
0.14641043106860
0.16495872562838
0.04324584809636
0.02071153767839
0.02220740959409
0.02598441560603
0.10860606766840
0.04512232996207
0.07236681924160
0.11834254428475
0.11648365436113
0.09598028419817
0.09607873277224
0.03485837919295
0.17414533985042
0.44593905524085
0.29517263260969
0.04051077772274
0.08546171164827
0.00931295731304
0.00978057074358
0.01279045641380
0.00766838006888
0.05479561012776
0.44398242021946
0.16130025961893
0.03846641386857
0.01108733815868
0.18929583150126
0.04962610339764
0.02376720438138
0.02548376903731
0.02981801380607
0.12462921138035
0.05177943110864
0.08304342294872
0.13580215436935
0.42705702652241
0.44136661178718
0.28654597880604
0.07933097225873
0.19478812636924
0.24570762815279
0.05922913649409
0.06354841642568
0.13669227560569
0.01068693996994
0.01122354252198
0.01467749022010
0.00879973081676
0.06287985398917
0.50948515204171
0.18509761547697
0.04414153765062
0.01272310323620
0.01323526351135
0.01167940319708
0.00986216892373
0.01761724877061
0.04897774516684
0.07589262101493
0.10504654467567
0.07409969472777
0.00905774851774
0.30341318708508
0.31357978452151
0.20358365107334
0.05636264393911
0.13839202391609
0.17456903860366
0.04208079941527
0.04514953826878
0.09711639527200
0.01882883495998
0.01133215512849
0.00677193589337
0.02130333546800
0.45907836021462
0.67928402605004
0.11239482601172
0.01280278836899
0.02373053844570
0.00940331907565
0.00829791977932
0.00700682091356
0.01251660847426
0.03479744585477
0.05391978257773
0.07463290598884
0.05264595391971
0.00643530061538
0.00577809150668
0.00495894433907
0.01003658290926
0.01711070723031
0.02982733303488
0.03014610943928
0.01643940832077
0.01273543459439
0.00698655468445
0.01681598199230
0.01012071734548
0.00604799777989
0.01902595175789
0.41000165197865
0.60666674140994
0.10037951759938
0.01143413594743
0.02119368022603
0.00546947835513
0.00268672377119
0.00053489877596
0.01684064970679
0.34603825723217
0.56070550786215
0.11957801803763
0.01211372116898
0.00198283492504
0.00516039802424
0.00442881988630
0.00896364527201
0.01528152672601
0.02663871111830
0.02692340946991
0.01468199147073
0.01137398247202
0.00623967324647
0.00946361634100
0.00433489605158
0.00805855979552
0.01087954502442
0.01071691861323
0.01691862229825
0.00937440159668
0.01877901247928
0.01410270455422
0.59669182055784
0.11757298477108
0.01313270790316
0.00390146247435
0.00780216628438
0.00743838085802
0.00301233919769
0.02182148629864
0.07539782022943
0.28366944436336
0.10488004932974
0.00280478896976
0.00118706310227
0.00513077999949
0.00198999634444
0.00644289433413
0.03328059241691
0.05439396718010
0.59073749740820
0.09142732347877
0.00315471993110
0.00140076105289
0.00000000000000
0.00715440232722
0.01547509533115
0.05312146072032
0.14714287790387
0.33932801887592
0.02593530657639
0.00492659665123
0.00243689681007
0.00297822596261
0.00194213184134
0.01051149526162
0.02698662462734
0.17100564594982
0.55593754159925
0.20554472096225
0.00549684682485
0.00232641532571
0.01005534179334
0.00390001002047
0.01262683347844
0.06522355896578
0.10660171193200
0.05203877549281
0.07033001013594
0.12859294791521
0.05087852204431
0.06969169130748
0.04995088409033
0.02786135808192
0.02289239722637
0.01133473024238
0.66501764063097
0.05082821172742
0.00965518170941
0.00477584896308
0.00583674996685
0.00380620480208
0.02060050862156
0.05288859286573
0.33513816978877
0.09569908150394
0.07283736832481
0.10480124835234
0.07225591016397
0.04848932995684
0.02583541892936
0.01759004524755
0.01080491043101
0.05046858220929
0.02946270280609
0.03981861923848
0.07280524515625
0.02880580413373
0.03945722338009
0.02828060497039
0.01577421653696
0.01296094863133
0.00641736446248
0.84993019056676
0.17401997928327
0.11587646978680
0.08103674356361
0.05850278286732
0.03115708730164
0.05638531175759
0.04802916727451
0.35000355142676
0.05418178215120
0.04123820585341
0.05933514008874
0.04090900270009
0.02745311941443
0.01462719409860
0.00995892525461
0.00611739730346
0.02857370921195
0.01931400198394
0.01888810363131
0.01189246129848
0.03973227301285
0.18179917462190
0.17300163374704
0.04588036329497
0.03772765569692
0.05339432490871
0.67727504651581
0.13866949412064
0.09233727938598
0.06457490847565
0.04661850517552
0.02482782466810
0.04493117795706
0.03827250386090
0.27890369609672
0.45950916409345
0.12724975721718
0.03910253061686
0.03244558755318
0.07498386636738
0.08652361274332
0.03896500925447
0.01749228891679
0.03065276687745
0.01539054823239
0.01505116703404
0.00947662216087
0.03166104387351
0.14486842074227
0.13785801568621
0.03656020874378
0.03006364528600
0.04254778132086
0.20993297819403
0.03279342934978
0.00060182384080
0.02460971507420
0.21906919416527
0.18738275603464
0.02070490907361
0.03020740837789
0.06099831912315
0.25393146044239
0.07032007023156
0.02160862825472
0.01792990450701
0.04143717728427
0.04781420929876
0.02153263194578
0.00966649376816
0.01693916567507
0.62123105398470
0.17146434462354
0.01661036266230
0.00823733722716
0.01325859871383
0.01123620395400
0.00470893413455
0.02613723924703
0.11171365233246
0.11601202307467
0.01812212695286
0.00033257662473
0.01359968718402
0.12106082916121
0.10355044168808
0.01144183448389
0.01669305407806
0.03370856006763
0.62896590132112
0.20783828612012
0.02762673118244
0.00000000000000
0.00065743636805
0.01176199344232
0.01264670142553
0.02015335610376
0.12091159518924
0.61595614262783
0.17000843025327
0.01646932304413
0.00816739348657
0.01314601913095
0.01114079665029
0.00466895028316
0.02591530632971
0.11076508479124
0.17194892509260
0.12856180458639
0.07709648482175
0.03779232625110
0.01835185958771
0.03475233625037
0.02310934301565
0.04817375360865
0.12665967098180
0.62362531289643
0.20607351835969
0.02739215089684
0.00000000000000
0.00065185403513
0.01166212162749
0.01253931750042
0.01998223270884
0.11988492734552
0.12963886771446
0.18458412301082
0.05816078957571
0.04276020321414
0.02142106118379
0.00780178377826
0.00495976523394
0.00622871263712
0.01808482219676
0.41126832966429
0.30749479010932
0.18439977172612
0.09039188167676
0.04389407281730
0.08312081784707
0.05527304632215
0.11522223340225
0.30294525710153
0.09481671710451
0.07812714585872
0.07820728217182
0.02837442812717
0.14175284518870
0.36299064858954
0.24026804581852
0.03297543309478
0.06956511607628
0.31007091527780
0.44148926149043
0.13910927775720
0.10227407552862
0.05123500509205
0.01866034685101
0.01186279217618
0.01489786714775
0.04325537140248
0.02115138371028
0.00099282333908
0.01113507255541
0.00725143866276
0.04668395350646
0.09333095710960
0.04303596540660
0.01391374837663
0.00506965761883
0.14782434202051
0.12180440626072
0.12192934306636
0.04423725368475
0.22100028043005
0.56592186932817
0.37459075642248
0.05141046694017
0.10845574309667
0.01181866927696
0.01241209715375
0.01623181221332
0.00973160778877
0.06953872676106
0.56343878888055
0.20469914750427
0.04881605364459
0.01407045887300
0.03297614044525
0.00154786477875
0.01736017470463
0.01130538139011
0.07278278473196
0.14550796258494
0.06709537583374
0.02169227918477
0.00790386784798
0.00586159473940
0.00596093357038
0.00689378742315
0.01530191977128
0.07374635740802
0.11124383253066
0.06275093706591
0.00892734054949
0.00392645950590
0.01785969967975
0.01875645407847
0.02452858986021
0.01470585126257
0.10508296213058
0.85143659759954
0.30932968961694
0.07376803912625
0.02126247582865
0.02211838301328
0.01951827502777
0.01648136657119
0.02944142786537
0.08185016685145
0.12682951556274
0.17555069510822
0.12383322989757
0.01513704285385
0.00885770802422
0.00900782320608
0.01041749880197
0.02312338937950
0.11144129384773
0.16810534195210
0.09482564105630
0.01349048843117
0.00593344190760
0.01540571873533
0.01047146508614
0.03380278520104
0.03518848080039
0.10771260993291
0.12844271159996
0.08398925648065
0.02493602360319
0.02400882692884
0.05437827735768
0.04798588451816
0.04051961312467
0.07238206017627
0.20122949639436
0.31181169845326
0.43159323098781
0.30444529861987
0.03721457912125
0.03341401690406
0.02867698612602
0.05804036689304
0.09894918762940
0.17248792427027
0.17433137035499
0.09506714576743
0.07364750563845
0.04040241592877
0.03787512160274
0.02574420709024
0.08310450307424
0.08651125028489
0.26481258482297
0.31577775788407
0.20648847075428
0.06130547639388
0.05902595361448
0.03180340605010
0.01724369497188
0.04535970239930
0.08451776743104
0.25787035598746
0.34361762124108
0.18494040879576
0.09122482982258
0.06815517115759
0.03465293348346
0.02974026426049
0.06019237313117
0.10261800091290
0.17888338847737
0.18079518539593
0.09859202167163
0.07637818947179
0.04190044662307
0.06354976225424
0.02910955004396
0.05411457318893
0.07305795953936
0.07196589606223
0.11361137074689
0.06295067036519
0.12610420112424
0.09470201340267
0.03298260480223
0.01788305239042
0.04704153812413
0.08765149611816
0.26743160868828
0.35635818964244
0.19179758311624
0.09460724129513
0.07068221158382
0.03451387439265
0.01333326365151
0.04272324726916
0.04862639035744
0.44842084462779
0.35271752271564
0.30248960701622
0.30279402128199
0.25867445556185
0.51491961687934
0.07969313372613
0.00274982912953
0.00122098114282
0.00000000000000
0.00623617447935
0.01348895269735
0.04630361594141
0.12825790583669
0.29577715015994
0.02260665385988
0.00429429530257
0.00212413462379
0.00259598718276
0.00169286999397
0.00916240315993
0.02352304107144
0.14905801998860
0.63908353208981
0.00822723530520
0.00027643896500
0.00009214632167
0.00026062915565
0.00046081265196
0.01185641266050
0.02316918341662
0.14085365703694
0.39834917949651
0.07084801497592
0.00730231153372
0.00807343715254
0.00186139983312
0.00185679414857
0.01461016673333
0.01481089946305
0.07434223141022
0.52409904595781
0.04005760997378
0.00760922900880
0.00376383682516
0.00459993074201
0.00299966223993
0.01623521882000
0.04168139214575
0.26412170793498
0.07542025090893
0.05740298138993
0.08259365003390
0.05694473539953
0.03821434202166
0.02036084095446
0.01386267877623
0.00851532786886
0.03977418668419
0.70585041751636
0.12553835560591
0.01293925006053
0.01430563756178
0.00329828682221
0.00329012583048
0.02588832315843
0.02624400929607
0.13172989372372
0.13111354768993
0.26888677042512
0.07304828422333
0.02547430218750
0.00266380766105
0.00248645119627
0.01154333008331
0.01702597021086
0.00896702758045
0.09400732205143
0.07154975610928
0.10294858164176
0.07097857691167
0.04763214009659
0.02537870279900
0.01727909006543
0.01061390223043
0.04957640331201
0.03351048142971
0.03277153261689
0.02063384397639
0.06893690898780
0.31542804387038
0.30016399707369
0.07960406462952
0.06545882653782
0.09264105568555
0.16342604744016
0.33515302479229
0.09105079202903
0.03175235962377
0.00332029424004
0.00309922886169
0.01438814556581
0.02122196420140
0.01117692184049
0.09639703471937
0.05644993502012
0.07919924789963
0.10231638397507
0.54665078175196
0.51225370469960
0.05057439228943
0.06478285960087
0.04593435910265
0.01842008218193
0.01801389589992
0.01134203644825
0.03789332396155
0.17338487072364
0.16499451091895
0.04375685904624
0.03598148737100
0.05092304814324
0.25125698270403
0.03924861249445
0.00072028913066
0.02945398482860
0.26219160611582
0.22426788919516
0.02478054198893
0.03615354933574
0.07300545986031
0.05298763926593
0.03102946892650
0.04353433889388
0.05624139436289
0.30048366645545
0.28157623931354
0.02779979345348
0.03560992104310
0.02524925436896
0.21533930431891
0.08894520980359
0.01121744693745
0.04553415384976
0.20756307383299
0.37309613982777
0.08767545321327
0.10507361054220
0.55161459433086
0.12448339219284
0.01944543140489
0.00035686186063
0.01459275641059
0.12990086955010
0.11111184774446
0.01227733412206
0.01791200551997
0.03617000886585
0.67489391956977
0.22301494446939
0.02964407586080
0.00000000000000
0.00070544334179
0.01262087156008
0.01357018222574
0.02162498390578
0.12974073829328
0.10668824717060
0.04406723871511
0.00555760015697
0.02255955584138
0.10283557195758
0.18484769099742
0.04343814731266
0.05205793418944
0.27329332361788
0.46252835160907
0.19582145520144
0.03818868621545
0.01429687007127
0.00111718072748
0.00604795936959
0.01121640755803
0.02904387532913
0.19060358409095
0.69530009534322
0.22975805183040
0.03054039779395
0.00000000000000
0.00072677321367
0.01300247778885
0.01398049192886
0.02227883958574
0.13366359525467
0.14453857984598
0.20579882771626
0.06484535136877
0.04767473795058
0.02388303613634
0.00869846186916
0.00552980318266
0.00694459381442
0.02016335504291
0.47651341588281
0.20174233686770
0.03934336404092
0.01472915199769
0.00115095994171
0.00623082621486
0.01155554824006
0.02992204952499
0.19636669756290
0.14825167879591
0.19336735555291
0.05238430617748
0.02529923336622
0.02212461500143
0.00543288394283
0.00776387692009
0.00193782700763
0.02756283335063
0.38365426758185
0.54625968098495
0.17212149041442
0.12654487604678
0.06339365411145
0.02308865924279
0.01467796758606
0.01843330034351
0.05352036265488
0.02617084746062
0.00122843160138
0.01377755182839
0.00897228747360
0.05776258625966
0.11547945398399
0.05324888912253
0.01721563900301
0.00627274499094
0.39351008780376
0.51326235007943
0.13904566269240
0.06715272045597
0.05872620979775
0.01442071114968
0.02060795475191
0.00514364816720
0.07316108026581
0.10840771176801
0.11911724531888
0.01506087419495
0.01558093678149
0.02879732636069
0.02033588951835
0.02013328550064
0.01379822873036
0.01255261629862
0.10140246955495
0.00475972351473
0.05338297821353
0.03476433496275
0.22380891193621
0.44744068125622
0.20631998509816
0.06670430953748
0.02430459441278
0.01802455272449
0.01833002215324
0.02119857144760
0.04705379200807
0.22677192239255
0.34207761093497
0.19296072552627
0.02745179896899
0.01207396272364
0.42004026459659
0.46153579321767
0.05835538338308
0.06037043584467
0.11157911542403
0.07879413996278
0.07800912343750
0.05346309365212
0.04863680069860
0.03642485313856
0.02161704199514
0.04097016169579
0.08213486183851
0.08188590477790
0.13698322172353
0.09605664070193
0.07264387233201
0.03428614609447
0.02335775923964
0.02375361268914
0.02747092455862
0.06097633388389
0.29387048025649
0.44329346750626
0.25005503539757
0.03557439237542
0.01564647504311
0.04062485105057
0.02761323354749
0.08913788038580
0.09279195704993
0.28403794785366
0.33870318658451
0.22147950984918
0.06575624688967
0.06331123102012
0.04720244451855
0.02801321453650
0.05309264465680
0.10643738889554
0.10611476901299
0.17751459144616
0.12447842235970
0.09413815178118
0.04443092474864
0.00424433147915
0.00000000000000
0.00060480708914
0.06591426530360
0.36440496427075
0.33650155697533
0.18652240737085
0.04679095859614
0.04613436193414
0.03655442273446
0.02484651109007
0.08020666358186
0.08349461811291
0.25557861628948
0.30476664267659
0.19928825388110
0.05916776515055
0.05696772893192
0.03069442684157
0.01664241034307
0.04377801750723
0.08157064765763
0.24887846175970
0.33163573486581
0.17849156907566
0.08804383595623
0.06577861225544
0.00381906845446
0.00000000000000
0.00054420812476
0.05930995082640
0.32789321723067
0.30278560650396
0.16783369666994
0.04210271389167
0.04151190527753
0.01160118568173
0.01313412093483
0.03609732658648
0.04745034800936
0.25264773562945
0.45924839985631
0.18090165330574
0.06394826960188
0.06723741409227
0.02477998201152
0.01343561914540
0.03534252299053
0.06585297037985
0.20092259214654
0.26773353960214
0.14409840241463
0.07107885358087
0.05310386920876
0.02593043186632
0.01001734203288
0.03209817129823
0.03653322973028
0.33690063383710
0.26499828986984
0.22726182681692
0.22749053464868
0.19434330290465
0.00936577750709
0.01060333467643
0.02914180831895
0.03830723981853
0.20396557252767
0.37075678741287
0.14604409256144
0.05162621144815
0.05428157757457
0.14975045531534
0.12824146177074
0.12763283574363
0.14920923575774
0.13495092392807
0.20693631745747
0.25909158154455
0.25222742649391
0.21719309617591
0.58376042441285
0.00751503384511
0.00025250866191
0.00008416955397
0.00023806744952
0.00042092179781
0.01083004668275
0.02116351253858
0.12866047470056
0.36386555811723
0.06471496324730
0.00667017731810
0.00737454943210
0.00170026530496
0.00169605831756
0.01334541840736
0.01352877444395
0.06790669823383
0.58738412556410
0.04200026435179
0.00616509359947
0.00213834069794
0.00233986857948
0.00277944977450
0.00200622188239
0.00657486423434
0.04514948712212
0.38043246633441
0.07175579083033
0.00807497782583
0.00153673302904
0.00500850661003
0.00593702430248
0.00588911051456
0.00910159591409
0.03655411270830
0.60766872680170
0.10807634425470
0.01113943891642
0.01231576598600
0.00283950494912
0.00283247912704
0.02228733451497
0.02259354577026
0.11340665786170
0.11287604372544
0.23148542153305
0.06288748546077
0.02193090262793
0.00229327994949
0.00214059324071
0.00993768725031
0.01465770846605
0.00771974075213
0.63533606656165
0.11983478260525
0.01348550689921
0.00256640009574
0.00836438834894
0.00991504669347
0.00983502892358
0.01519999647562
0.06104669879655
0.22728594500329
0.23117168318405
0.05662507505158
0.00759540429497
0.00570958896158
0.01042962910721
0.01208829857578
0.00069024644998
0.05174911333797
0.15650869866230
0.32096697304131
0.08719687709422
0.03040837468699
0.00317975585180
0.00296804752729
0.01377913725468
0.02032370024390
0.01070383528027
0.09231682889692
0.05406057362310
0.07584697432239
0.09798562933265
0.52351264571858
0.49057149679173
0.04843372550973
0.06204078976741
0.04399009141842
0.31514417322443
0.32053195796546
0.07851370862657
0.01053143610269
0.00791665183134
0.01446124106786
0.01676107539469
0.00095706378499
0.07175292575946
0.27384249683715
0.04812470439486
0.01283781479487
0.01138728527554
0.04638327242660
0.05859080824969
0.04561903566273
0.02668293650791
0.11642375047498
0.05553560036941
0.03252155049461
0.04562772904495
0.05894581537933
0.31493270976002
0.29511610097515
0.02913657300028
0.03732225801401
0.02646338881457
0.22569409987231
0.09322222493505
0.01175684855777
0.04772370700775
0.21754394193681
0.39103682307599
0.09189141088968
0.11012617518507
0.57813950749815
0.16473710860986
0.02895067327490
0.00772292290131
0.00685031897121
0.02790306937628
0.03524683149492
0.02744332278389
0.01605181759699
0.07003774888223
0.18607574938184
0.18122777395091
0.05391480617856
0.00435983933608
0.01754860843280
0.02102887517312
0.06687023673341
0.14369335183728
0.22738505807591
0.12541394941255
0.05180183003785
0.00653305873352
0.02651916279529
0.12088506055101
0.21729177845341
0.05106232180321
0.06119503598664
0.32126120703993
0.54371037887439
0.23019163523471
0.04489148606498
0.01680622737206
0.00131326599655
0.00710948478902
0.01318508839895
0.03414159673509
0.22405793409287
0.10339878017670
0.10070485177631
0.02995943969510
0.00242268039019
0.00975143032759
0.01168534883569
0.03715852781102
0.07984768218769
0.12635358295514
0.50710651865825
0.26683998803800
0.05812003532034
0.07405853625585
0.06685366922202
0.04286913056017
0.02107305704435
0.04879405242631
0.12209303978457
0.58037074642353
0.24571260059114
0.04791835191657
0.01793940874309
0.00140181463567
0.00758885089196
0.01407410984429
0.03644363755251
0.23916532680652
0.18056351534598
0.23551227045365
0.06380160109611
0.03081326666427
0.02694673202207
0.00661699503946
0.00945603396056
0.00236018141226
0.03357022411555
0.54129882412622
0.28483201544520
0.06203885302109
0.07905202776306
0.07136136335646
0.04575963650582
0.02249393486211
0.05208405380511
0.13032531911490
0.07667592553733
0.03242404056474
0.03142771838840
0.05164363210568
0.03823266574626
0.05334772471561
0.06592448091464
0.09074369530266
0.08494191757132
0.46696041912012
0.60906495040399
0.16499912693485
0.07968706130048
0.06968770659361
0.01711239821080
0.02445451714306
0.00610373197131
0.08681690701978
0.12864247218050
0.14135098571164
0.01787205041081
0.01848918489072
0.03417246978845
0.02413166977667
0.02389124885747
0.01637372680077
0.01489561551159
0.19829378186799
0.08385272928846
0.08127611230052
0.13355705911433
0.09887457932322
0.13796406125885
0.17048916653616
0.23467483954246
0.21967069789248
0.21745905297338
0.15932499649163
0.08062035353883
0.07562039320148
0.02523710704240
0.01004942451236
0.02029228813681
0.03521175657775
0.06935772980119
0.32803293341189
0.36043911235315
0.04557298241375
0.04714664957299
0.08713837130638
0.06153475046608
0.06092168715937
0.04175231976111
0.03798319768286
0.02844620487899
0.01688195702896
0.03199589052811
0.06414370700900
0.06394928251742
0.10697785864252
0.07501600270014
0.05673166251896
0.02677596894088
0.55451150646222
0.40627208945160
0.20557853573382
0.19282884561513
0.06435356934320
0.02562561295669
0.05174448757342
0.08978850923027
0.17685931540207
0.01412772903777
0.03391140464962
0.14124797689423
0.09811911334428
0.20750842222212
0.16869145296450
0.06121825393879
0.05909924245710
0.00923063043724
0.02947029330784
0.01748972235032
0.03314777076661
0.06645293695412
0.06625151300961
0.11082915577144
0.07771664486561
0.05877405233449
0.02773992740495
0.00264989864110
0.00000000000000
0.00037760422142
0.04115279942555
0.22751197081901
0.21009080533338
0.11645308012686
0.02921338689230
0.02880344845773
0.01463633972573
0.03513224508354
0.14633302846267
0.10165148784036
0.21497890817942
0.17476449384155
0.06342216499686
0.06122686723558
0.00956294126260
0.02227161501930
0.04651577160555
0.05510638031774
0.10071478895439
0.28298770332628
0.72813975181407
0.32971204262529
0.02756213615798
0.01160245511252
0.00181050670673
0.00000000000000
0.00025799287745
0.02811708274606
0.15544441686913
0.14354164577385
0.07956496120960
0.01995964376687
0.01967955898414
0.00549977690456
0.00622649589109
0.01711266835332
0.02249479796760
0.11977277319097
0.21771600009501
0.08576009057543
0.03031597165080
0.03187525717560
0.01521677385566
0.03178125953730
0.03765067448286
0.06881199078341
0.19334744614244
0.49749144501067
0.22527120668034
0.01883144947196
0.00792721746783
0.14204371355791
0.07550363050282
0.02546191256290
0.06246327018515
0.24427585072052
0.61715008587632
0.16767144254176
0.10538309258281
0.14760724039863
0.00581222193420
0.00658022618361
0.01808484745505
0.02377273849858
0.12657712331621
0.23008455308953
0.09063216348066
0.03203823690360
0.03368610620561
0.09293226113704
0.07958419217343
0.07920649053127
0.09259639065736
0.08374795573582
0.12842071065627
0.16078726748313
0.15652750447734
0.13478587085748
0.15011328675378
0.07979302886925
0.02690841633267
0.06601183927129
0.25815328188589
0.65221068564576
0.17719693961979
0.11136995787874
0.15599288028935
0.14770901086391
0.03081171143159
0.00617526425122
0.00417960234258
0.11762834809054
0.24127906088786
0.14209242596059
0.17412626185817
0.24150614389931
0.59952057016797
0.04286806765029
0.00629247585870
0.00218252277964
0.00238821460069
0.00283687835786
0.00204767414451
0.00671071311429
0.04608235919936
0.38829290612540
0.07323839845031
0.00824182183267
0.00156848478137
0.00511199163861
0.00605969422736
0.00601079045179
0.00928965175321
0.03730938842077
0.59794667574630
0.05717093034120
0.00741206392835
0.00230895689358
0.00024298636423
0.00089888101931
0.00599503530693
0.01222352347306
0.04471096615773
0.32319337973319
0.06154391979794
0.00144518947493
0.00284913726481
0.00411992373643
0.00315534588548
0.01053973007503
0.01368833304029
0.08421448992203
0.66375760893061
0.12519555075669
0.01408877645351
0.00268120712921
0.00873856641054
0.01035859292753
0.01027499558999
0.01587996313669
0.06377760205806
0.23745350427746
0.24151306963119
0.05915817848208
0.00793518211704
0.00596500547753
0.01089619501015
0.01262906449200
0.00072112438963
0.05406409228328
0.55247484970695
0.10520471634912
0.00247044304750
0.00487038652671
0.00704270071673
0.00539382720429
0.01801687829732
0.02339917898509
0.14395835614341
0.20115465526598
0.16297618334455
0.05494708811021
0.01095124674747
0.01412041203116
0.01016095914639
0.00483596012229
0.01699648286455
0.09297855124259
0.20599020206692
0.20951186282347
0.05131954222581
0.00688374666316
0.00517462434335
0.00945241645825
0.01095567553125
0.00062557324301
0.04690043774206
0.17899385757586
0.03145613476296
0.00839128338194
0.00744316219114
0.03031786868189
0.03829717778733
0.02981833450423
0.01744098082717
0.07609898555431
0.17450105952753
0.14138134975685
0.04766643397095
0.00950017367510
0.01224941504409
0.00881460155380
0.00419518088734
0.01474439785738
0.08065861405849
0.23841025834015
0.17761867000007
0.10805873328717
0.23180751115305
0.75816187421588
0.22931547939095
0.05136579275094
0.08216545606841
0.12520835531106
0.14874926494886
0.02614099158201
0.00697340820487
0.00618549105440
0.02519505832392
0.03182610354697
0.02477993043769
0.01449397824688
0.06324053974735
0.16801697673903
0.16363950048048
0.04868233913170
0.00393671408955
0.01584550455743
0.01898800914439
0.06038043671513
0.12974781847394
0.20531719012532
0.19812607630591
0.14760644282169
0.08980004881429
0.19263899532992
0.63005526015921
0.19056804218179
0.04268651460277
0.06828195872132
0.10405189915571
0.02689203640472
0.04715204715467
0.03706158013823
0.05879008458169
0.15923379194978
0.37405116295049
0.28201481641236
0.19198528798512
0.06117837386312
0.12404046037728
0.12080873831597
0.03594029529241
0.00290632433412
0.01169812550113
0.01401811555969
0.04457655002065
0.09578781530781
0.15157777077534
0.60834108417131
0.32010972379690
0.06972264011199
0.08884297199971
0.08019978469802
0.05142717043247
0.02527990845609
0.05853489486326
0.14646668788411
0.01985335435065
0.03481053968660
0.02736113666535
0.04340245431543
0.11755617345591
0.27614756173777
0.20820067316970
0.14173534109192
0.04516563627318
0.00000000000000
0.00671089816308
0.02498771244337
0.05338639253126
0.38778703241524
0.30461102370352
0.08813669050280
0.01017125424606
0.00028504418163
0.66117475677584
0.34791085836543
0.07577796538370
0.09655887450568
0.08716503705059
0.05589355673499
0.02747543731579
0.06361857826327
0.15918713901998
0.09365656114169
0.03960466230217
0.03838769480982
0.06308062085968
0.04669966449028
0.06516210148863
0.08052410367724
0.11083977647195
0.10375313816901
0.00000000000000
0.00729373138880
0.02715786443988
0.05802293485583
0.42146585773873
0.33106611529083
0.09579125333216
0.01105461512830
0.00030979991713
0.03394731998701
0.00722956755905
0.00336054